"DESCRIPTION","DURATION IN MS","NAME","PARENT SUITE","START TIME","STATUS","STOP TIME","SUB SUITE","SUITE","TEST CLASS","TEST METHOD"
"","1","should produce different hash for different nonces","Near Citizens House","Thu Jan 08 19:51:02 UTC 2026","passed","Thu Jan 08 19:51:02 UTC 2026","NEP-413 Verification > computeNep413Hash > Happy Path","Shared Library Unit Tests","",""
"Verifies unauthorized account cannot create proposal and receives appropriate error.","38","test_create_proposal_unauthorized_fails","Near Citizens House","Thu Jan 08 19:51:21 UTC 2026","passed","Thu Jan 08 19:51:21 UTC 2026","Access Control","Sputnik Bridge Unit Tests","",""
"Verifies that nonces longer than 32 bytes are rejected.","14","test_nonce_too_long","Near Citizens House","Thu Jan 08 19:51:19 UTC 2026","passed","Thu Jan 08 19:51:19 UTC 2026","Signature Verification","Verified Accounts Unit Tests","",""
"Verifies duplicate nullifiers are rejected even for different accounts.","24","test_nullifier_reuse_rejected","Near Citizens House","Thu Jan 08 19:51:19 UTC 2026","passed","Thu Jan 08 19:51:19 UTC 2026","Store Verification","Verified Accounts Unit Tests","",""
"Verifies quorum is 0 when there are no citizens.","0","test_quorum_with_0_citizens_equals_0","Near Citizens House","Thu Jan 08 19:51:21 UTC 2026","passed","Thu Jan 08 19:51:21 UTC 2026","Quorum Calculation","Sputnik Bridge Unit Tests","",""
"Verifies that update_backend_wallet requires exactly 1 yoctoNEAR deposit.","4682","test_update_backend_wallet_requires_one_yocto","Near Citizens House","Thu Jan 08 19:57:46 UTC 2026","passed","Thu Jan 08 19:57:51 UTC 2026","Access Control","Verified Accounts Integration Tests","",""
"","2","should verify signature with unicode challenge","Near Citizens House","Thu Jan 08 19:51:02 UTC 2026","passed","Thu Jan 08 19:51:02 UTC 2026","NEP-413 Verification > verifyNearSignature > Positive Tests","Shared Library Unit Tests","",""
"Verifies that storing verifications is blocked when the contract is paused.","21","test_store_verification_when_paused","Near Citizens House","Thu Jan 08 19:51:19 UTC 2026","passed","Thu Jan 08 19:51:19 UTC 2026","Pause/Unpause","Verified Accounts Unit Tests","",""
"
## Purpose
Verifies that verified accounts are NOT automatically citizens.
Being verified is a prerequisite but doesn't grant citizenship.

## Test 13.3.2 - verified_accounts_not_necessarily_citizens

## Invariant
Verification != Citizenship. User must go through add_member to become citizen.
","9690","test_verified_accounts_not_necessarily_citizens","Near Citizens House","Thu Jan 08 20:18:02 UTC 2026","passed","Thu Jan 08 20:18:12 UTC 2026","State Consistency","Sputnik Bridge Integration Tests","",""
"Verifies that the member_added event is emitted when a member is successfully added to the DAO with correct event data.","7764","test_member_added_event_emitted","Near Citizens House","Thu Jan 08 20:15:13 UTC 2026","passed","Thu Jan 08 20:15:20 UTC 2026","Events","Sputnik Bridge Integration Tests","",""
"","82","should return detailed result with verifier address","Near Citizens House","Thu Jan 08 19:51:03 UTC 2026","passed","Thu Jan 08 19:51:03 UTC 2026","ZK Verification > verifyStoredProofWithDetails > Happy Path","Shared Library Unit Tests","",""
"","0","should reject short signature","Near Citizens House","Thu Jan 08 19:51:02 UTC 2026","passed","Thu Jan 08 19:51:02 UTC 2026","NEP-413 Verification > verifyNearSignature > Boundary Tests","Shared Library Unit Tests","",""
"Verifies that update_backend_wallet requires exactly 1 yoctoNEAR deposit.","37","test_update_backend_wallet_requires_one_yocto","Near Citizens House","Thu Jan 08 19:51:21 UTC 2026","passed","Thu Jan 08 19:51:21 UTC 2026","Backend Wallet Management","Sputnik Bridge Unit Tests","",""
"Verifies gas constants are within reasonable ranges for contract operations.","1","test_gas_constants_are_reasonable","Near Citizens House","Thu Jan 08 19:51:21 UTC 2026","passed","Thu Jan 08 19:51:21 UTC 2026","Constants","Sputnik Bridge Unit Tests","",""
"
## Purpose
Verifies that add_member proposals are auto-approved by the bridge.

## Mechanism
Bridge has council role and auto-votes approve on AddMemberToRole proposals.
","7686","test_add_member_auto_approves","Near Citizens House","Thu Jan 08 20:17:03 UTC 2026","passed","Thu Jan 08 20:17:10 UTC 2026","Member Addition","Sputnik Bridge Integration Tests","",""
"Verifies that the bridge contract is properly registered in the DAO's bridge role.","4664","test_bridge_connected_to_dao","Near Citizens House","Thu Jan 08 20:17:43 UTC 2026","passed","Thu Jan 08 20:17:48 UTC 2026","Contract Setup","Sputnik Bridge Integration Tests","",""
"Upgrade test: After redeploying contract code, new verifications work correctly.","5107","test_upgrade_new_verifications_work","Near Citizens House","Thu Jan 08 19:58:18 UTC 2026","passed","Thu Jan 08 19:58:23 UTC 2026","Versioning","Verified Accounts Integration Tests","",""
"Verifies that callback_vote_proposal_created cannot be called externally, protected by #[private] macro. Security-critical test.","5680","test_callback_vote_proposal_created_cannot_be_called_externally","Near Citizens House","Thu Jan 08 20:17:38 UTC 2026","passed","Thu Jan 08 20:17:43 UTC 2026","Callback Security","Sputnik Bridge Integration Tests","",""
"Verifies that when user verification fails, no state changes occur and no proposals are created in the DAO.","6201","test_add_member_verification_fails_no_state_change","Near Citizens House","Thu Jan 08 20:16:51 UTC 2026","passed","Thu Jan 08 20:16:57 UTC 2026","Failure Handling","Sputnik Bridge Integration Tests","",""
"","0","should produce exactly 32-byte (64 hex char) output","Near Citizens House","Thu Jan 08 19:51:02 UTC 2026","passed","Thu Jan 08 19:51:02 UTC 2026","NEP-413 Verification > extractEd25519PublicKeyHex > Boundary Tests","Shared Library Unit Tests","",""
"","1","rejects uppercase letters","Near Citizens House","Thu Jan 08 19:51:02 UTC 2026","passed","Thu Jan 08 19:51:02 UTC 2026","NEAR Account Validation > nearNamedAccountSchema > invalid named accounts","Shared Library Unit Tests","",""
"Verifies ceil(15 * 7 / 100) = ceil(1.05) = 2.","0","test_quorum_with_15_citizens_equals_2","Near Citizens House","Thu Jan 08 19:51:21 UTC 2026","passed","Thu Jan 08 19:51:21 UTC 2026","Quorum Calculation","Sputnik Bridge Unit Tests","",""
"Verifies ceiling is used (not floor) for fractional quorum values.","0","test_quorum_boundary_floor_vs_ceil_difference","Near Citizens House","Thu Jan 08 19:51:21 UTC 2026","passed","Thu Jan 08 19:51:21 UTC 2026","Quorum Boundaries","Sputnik Bridge Unit Tests","",""
"","0","returns false for invalid accounts","Near Citizens House","Thu Jan 08 19:51:02 UTC 2026","passed","Thu Jan 08 19:51:02 UTC 2026","NEAR Account Validation > isValidNearAccountId","Shared Library Unit Tests","",""
"Verifies that store_verification rejects ZK proof with any public_signal string exceeding 80 character maximum length.","14","test_public_signal_item_too_long","Near Citizens House","Thu Jan 08 19:51:19 UTC 2026","passed","Thu Jan 08 19:51:19 UTC 2026","Proof Validation","Verified Accounts Unit Tests","",""
"Documents that quorum failing while threshold passes is impossible due to effective_threshold = max(quorum, threshold_weight).","37905","test_vote_proposal_quorum_fails_threshold_passes_impossible","Near Citizens House","Thu Jan 08 20:15:33 UTC 2026","passed","Thu Jan 08 20:16:11 UTC 2026","Dynamic Quorum","Sputnik Bridge Integration Tests","",""
"Verifies QUORUM_PERCENT constant has expected value of 7%.","0","test_quorum_percent_constant","Near Citizens House","Thu Jan 08 19:51:21 UTC 2026","passed","Thu Jan 08 19:51:21 UTC 2026","Constants","Sputnik Bridge Unit Tests","",""
"","0","should return error for malformed signature","Near Citizens House","Thu Jan 08 19:51:02 UTC 2026","passed","Thu Jan 08 19:51:02 UTC 2026","NEP-413 Verification > verifyNearSignature > Negative Tests","Shared Library Unit Tests","",""
"Verifies all configured account IDs are valid and non-empty after contract initialization.","13","test_invariant_all_config_accounts_valid_after_init","Near Citizens House","Thu Jan 08 19:51:21 UTC 2026","passed","Thu Jan 08 19:51:21 UTC 2026","Invariants","Sputnik Bridge Unit Tests","",""
"Test 1.1.4: Verifies that the contract cannot be reinitialized after initial setup.","2590","test_init_cannot_reinitialize","Near Citizens House","Thu Jan 08 19:57:51 UTC 2026","passed","Thu Jan 08 19:57:54 UTC 2026","Initialization","Verified Accounts Integration Tests","",""
"Verifies that ongoing and subsequent operations work correctly after backend wallet rotation. Tests state consistency across rotation.","11864","test_operations_continue_after_wallet_rotation","Near Citizens House","Thu Jan 08 20:15:13 UTC 2026","passed","Thu Jan 08 20:15:24 UTC 2026","Backend Wallet Management","Sputnik Bridge Integration Tests","",""
"Verifies that are_verified rejects batch queries exceeding maximum size of 100 accounts.","13","test_batch_size_exceeded_are_verified","Near Citizens House","Thu Jan 08 19:51:19 UTC 2026","passed","Thu Jan 08 19:51:19 UTC 2026","Input Validation","Verified Accounts Unit Tests","",""
"Verifies callback successfully processes quorum proposal creation and schedules get_proposal.","14","test_callback_quorum_proposal_created","Near Citizens House","Thu Jan 08 19:51:21 UTC 2026","passed","Thu Jan 08 19:51:21 UTC 2026","Callbacks","Sputnik Bridge Unit Tests","",""
"Upgrade test: Full verification data (including ZK proof) readable after upgrade.","4099","test_upgrade_full_verification_readable","Near Citizens House","Thu Jan 08 19:58:16 UTC 2026","passed","Thu Jan 08 19:58:20 UTC 2026","Versioning","Verified Accounts Integration Tests","",""
"","0","should return null for empty string","Near Citizens House","Thu Jan 08 19:51:02 UTC 2026","passed","Thu Jan 08 19:51:02 UTC 2026","NEP-413 Verification > parseUserContextData > Boundary Tests","Shared Library Unit Tests","",""
"","0","should include ZK proof data","Near Citizens House","Thu Jan 08 19:51:02 UTC 2026","passed","Thu Jan 08 19:51:02 UTC 2026","NEP-413 Verification > buildProofData > Positive Tests","Shared Library Unit Tests","",""
"
## Purpose
Verifies the complete happy path for adding a verified user as a citizen through the bridge.

## Flow
1. User gets verified in verified-accounts contract
2. Backend calls add_member on bridge
3. Bridge verifies user and creates SputnikDAO proposal
4. Proposal is auto-approved, user becomes citizen
","7167","test_add_verified_member_success","Near Citizens House","Thu Jan 08 20:17:15 UTC 2026","passed","Thu Jan 08 20:17:22 UTC 2026","Member Addition","Sputnik Bridge Integration Tests","",""
"Verifies that ZK proof with maximum-size components serializes and deserializes correctly without errors.","1","test_stress_max_payload_proof_serialization","Near Citizens House","Thu Jan 08 19:51:19 UTC 2026","passed","Thu Jan 08 19:51:19 UTC 2026","Stress Tests","Verified Accounts Unit Tests","",""
"","2","should compute hash for valid message/nonce/recipient","Near Citizens House","Thu Jan 08 19:51:02 UTC 2026","passed","Thu Jan 08 19:51:02 UTC 2026","NEP-413 Verification > computeNep413Hash > Happy Path","Shared Library Unit Tests","",""
"Test 2.6.5: Verifies that the same attestation_id can be used for different accounts (not a unique constraint).","4588","test_allow_same_attestation_id_different_accounts","Near Citizens House","Thu Jan 08 19:58:02 UTC 2026","passed","Thu Jan 08 19:58:07 UTC 2026","Signature Verification","Verified Accounts Integration Tests","",""
"Verifies that store_verification rejects ZK proof with 'c' component strings exceeding 80 character maximum length.","14","test_proof_component_c_too_long","Near Citizens House","Thu Jan 08 19:51:19 UTC 2026","passed","Thu Jan 08 19:51:19 UTC 2026","Proof Validation","Verified Accounts Unit Tests","",""
"Verifies that callback_member_added cannot be called externally, protected by #[private] macro. Security-critical test.","5665","test_callback_member_added_cannot_be_called_externally","Near Citizens House","Thu Jan 08 20:17:36 UTC 2026","passed","Thu Jan 08 20:17:42 UTC 2026","Callback Security","Sputnik Bridge Integration Tests","",""
"","0","accepts implicit accounts","Near Citizens House","Thu Jan 08 19:51:02 UTC 2026","passed","Thu Jan 08 19:51:02 UTC 2026","NEAR Account Validation > nearAccountIdSchema","Shared Library Unit Tests","",""
"Verifies that get_verification returns None for non-existent accounts.","14","test_get_verification_empty","Near Citizens House","Thu Jan 08 19:51:19 UTC 2026","passed","Thu Jan 08 19:51:19 UTC 2026","Composability Interface","Verified Accounts Unit Tests","",""
"","0","should produce different hash for different messages","Near Citizens House","Thu Jan 08 19:51:02 UTC 2026","passed","Thu Jan 08 19:51:02 UTC 2026","NEP-413 Verification > computeNep413Hash > Happy Path","Shared Library Unit Tests","",""
"","0","rejects wrong length","Near Citizens House","Thu Jan 08 19:51:02 UTC 2026","passed","Thu Jan 08 19:51:02 UTC 2026","NEAR Account Validation > nearImplicitAccountSchema > invalid implicit accounts","Shared Library Unit Tests","",""
"","0","test_role_kind_everyone_serialization","Near Citizens House","Thu Jan 08 19:51:21 UTC 2026","passed","Thu Jan 08 19:51:21 UTC 2026","Serialization","Sputnik DAO Interface Tests","",""
"","0","test_proposal_input_borsh_roundtrip","Near Citizens House","Thu Jan 08 19:51:21 UTC 2026","passed","Thu Jan 08 19:51:21 UTC 2026","Serialization","Sputnik DAO Interface Tests","",""
"","100","should handle proof with zero values","Near Citizens House","Thu Jan 08 19:51:03 UTC 2026","passed","Thu Jan 08 19:51:03 UTC 2026","ZK Verification > verifyStoredProof > Negative Tests","Shared Library Unit Tests","",""
"Verifies that a description with 10,001 characters (one more than limit) fails validation.","15","test_description_boundary_limit_plus_1_fails","Near Citizens House","Thu Jan 08 19:51:21 UTC 2026","passed","Thu Jan 08 19:51:21 UTC 2026","Description Validation","Sputnik Bridge Unit Tests","",""
"
## Purpose
Verifies that the bridge can still query verification status from the verified-accounts
contract when it is paused, because read operations (like is_account_verified) are
allowed even when the contract is paused.

## Test 4.1.4 - bridge_handles_verification_contract_pause

## Scenario
1. User is verified before pause
2. Verified-accounts contract is paused
3. Bridge calls add_member (which queries is_account_verified)
4. Verification check succeeds because reads work when paused
","8158","test_bridge_handles_verification_contract_pause","Near Citizens House","Thu Jan 08 20:16:26 UTC 2026","passed","Thu Jan 08 20:16:35 UTC 2026","Cross-Contract Integration","Sputnik Bridge Integration Tests","",""
"","0","should handle unicode messages correctly","Near Citizens House","Thu Jan 08 19:51:02 UTC 2026","passed","Thu Jan 08 19:51:02 UTC 2026","NEP-413 Verification > computeNep413Hash > Edge Cases","Shared Library Unit Tests","",""
"","1","should return error for invalid public key","Near Citizens House","Thu Jan 08 19:51:02 UTC 2026","passed","Thu Jan 08 19:51:02 UTC 2026","NEP-413 Verification > verifyNearSignature > Negative Tests","Shared Library Unit Tests","",""
"Verifies callback handles promise failure when retrieving policy with appropriate error.","18","test_callback_policy_received_for_quorum_promise_failed","Near Citizens House","Thu Jan 08 19:51:21 UTC 2026","passed","Thu Jan 08 19:51:21 UTC 2026","Callbacks","Sputnik Bridge Unit Tests","",""
"","0","test_verification_summary_json_missing_nullifier_fails","Near Citizens House","Thu Jan 08 19:51:19 UTC 2026","passed","Thu Jan 08 19:51:19 UTC 2026","Validation","Verified Accounts Interface Tests","",""
"","0","returns null for invalid accounts","Near Citizens House","Thu Jan 08 19:51:02 UTC 2026","passed","Thu Jan 08 19:51:02 UTC 2026","NEAR Account Validation > getNearAccountType","Shared Library Unit Tests","",""
"Verifies the SputnikDAO submodule deploys and initializes correctly with council policy.","2118","test_dao_deploys_and_initializes","Near Citizens House","Thu Jan 08 20:15:18 UTC 2026","passed","Thu Jan 08 20:15:21 UTC 2026","DAO Sanity Tests","Sputnik Bridge Integration Tests","",""
"Verifies that callback_add_member cannot be called externally, protected by #[private] macro. Security-critical test.","5692","test_callback_add_member_cannot_be_called_externally","Near Citizens House","Thu Jan 08 20:17:36 UTC 2026","passed","Thu Jan 08 20:17:42 UTC 2026","Callback Security","Sputnik Bridge Integration Tests","",""
"
## Purpose
Verifies that StorageKey enum discriminants remain constant across contract versions.
These discriminants are used as storage prefixes for NEAR SDK collections.

## Why This Matters
- If StorageKey::Nullifiers changes from 0x00 to 0x01, all existing nullifiers become orphaned
- This is a **silent data corruption** bug - contract deploys but data is lost
- Borsh uses enum declaration order to assign discriminants (0x00, 0x01, 0x02...)

## Expected Values
- Nullifiers: 0x00
- Accounts: 0x01
","0","test_storage_key_discriminants_are_stable","Near Citizens House","Thu Jan 08 19:51:19 UTC 2026","passed","Thu Jan 08 19:51:19 UTC 2026","Storage Stability","Verified Accounts Unit Tests","",""
"Verifies that backend_wallet is always valid and non-empty after contract initialization.","13","test_invariant_backend_wallet_always_valid","Near Citizens House","Thu Jan 08 19:51:19 UTC 2026","passed","Thu Jan 08 19:51:19 UTC 2026","Invariants","Verified Accounts Unit Tests","",""
"","0","test_verification_summary_serialization","Near Citizens House","Thu Jan 08 19:51:19 UTC 2026","passed","Thu Jan 08 19:51:19 UTC 2026","Serialization","Verified Accounts Interface Tests","",""
"","0","rejects accounts longer than 64 chars","Near Citizens House","Thu Jan 08 19:51:02 UTC 2026","passed","Thu Jan 08 19:51:02 UTC 2026","NEAR Account Validation > nearNamedAccountSchema > invalid named accounts","Shared Library Unit Tests","",""
"","0","should include signature data in correct format","Near Citizens House","Thu Jan 08 19:51:02 UTC 2026","passed","Thu Jan 08 19:51:02 UTC 2026","NEP-413 Verification > buildProofData > Positive Tests","Shared Library Unit Tests","",""
"","1","accepts maximum length (64 chars)","Near Citizens House","Thu Jan 08 19:51:02 UTC 2026","passed","Thu Jan 08 19:51:02 UTC 2026","NEAR Account Validation > nearNamedAccountSchema > valid named accounts","Shared Library Unit Tests","",""
"Tests boundary transition from 0 to 1 quorum.","0","test_quorum_boundary_0_to_1","Near Citizens House","Thu Jan 08 19:51:21 UTC 2026","passed","Thu Jan 08 19:51:21 UTC 2026","Quorum Boundaries","Sputnik Bridge Unit Tests","",""
"","0","test_role_permission_missing_name_fails","Near Citizens House","Thu Jan 08 19:51:21 UTC 2026","passed","Thu Jan 08 19:51:21 UTC 2026","Validation","Sputnik DAO Interface Tests","",""
"Verifies that invalid signatures (all zeros) are rejected.","3125","test_invalid_signature_rejected","Near Citizens House","Thu Jan 08 19:58:06 UTC 2026","passed","Thu Jan 08 19:58:09 UTC 2026","Signature Verification","Verified Accounts Integration Tests","",""
"
## Purpose
Verifies that unicode characters (emoji, CJK, Arabic) are preserved in proposal descriptions.

## Unicode Support
Tests multi-language support: ""Vote on 🗳️ proposal 提案 مقترح""
","5718","test_create_proposal_unicode_description","Near Citizens House","Thu Jan 08 20:17:31 UTC 2026","passed","Thu Jan 08 20:17:36 UTC 2026","Proposal Validation","Sputnik Bridge Integration Tests","",""
"Stress test: store many verifications and validate count and pagination behavior.","1016573","test_stress_bulk_verifications_and_pagination","Near Citizens House","Thu Jan 08 19:58:09 UTC 2026","passed","Thu Jan 08 20:15:05 UTC 2026","Stress Tests","Verified Accounts Integration Tests","",""
"Verifies that adding a member with insufficient deposit (below DAO proposal bond) fails with appropriate error.","6144","test_add_member_insufficient_deposit","Near Citizens House","Thu Jan 08 20:16:19 UTC 2026","passed","Thu Jan 08 20:16:25 UTC 2026","Edge Cases","Sputnik Bridge Integration Tests","",""
"Verifies that verification storage fails when contract has insufficient available balance. The NEAR protocol enforces storage costs at transaction commit time, preventing state changes that would exceed the account's balance. This test dynamically calculates the drain amount based on actual storage usage to ensure reliability.","5105","test_insufficient_contract_balance_rejected","Near Citizens House","Thu Jan 08 19:58:01 UTC 2026","passed","Thu Jan 08 19:58:06 UTC 2026","Security","Verified Accounts Integration Tests","",""
"","0","test_vote_policy_serialization","Near Citizens House","Thu Jan 08 19:51:21 UTC 2026","passed","Thu Jan 08 19:51:21 UTC 2026","Serialization","Sputnik DAO Interface Tests","",""
"Verifies that user_context_data at exactly the maximum limit (4096 bytes) is accepted.","3084","test_max_length_user_context_data","Near Citizens House","Thu Jan 08 19:57:49 UTC 2026","passed","Thu Jan 08 19:57:52 UTC 2026","Edge Cases","Verified Accounts Integration Tests","",""
"","0","test_verification_serialization","Near Citizens House","Thu Jan 08 19:51:19 UTC 2026","passed","Thu Jan 08 19:51:19 UTC 2026","Serialization","Verified Accounts Interface Tests","",""
"
## Purpose
Verifies that add_member creates a proposal in SputnikDAO.

## Expected
Proposal count increases after add_member call.
","7186","test_add_member_creates_proposal","Near Citizens House","Thu Jan 08 20:17:06 UTC 2026","passed","Thu Jan 08 20:17:13 UTC 2026","Member Addition","Sputnik Bridge Integration Tests","",""
"Verifies that a description with 9,999 characters (one less than limit) passes validation.","14","test_description_boundary_limit_minus_1_passes","Near Citizens House","Thu Jan 08 19:51:21 UTC 2026","passed","Thu Jan 08 19:51:21 UTC 2026","Description Validation","Sputnik Bridge Unit Tests","",""
"Verifies that the bridge role has policy_add_or_update_role permissions for quorum updates.","4675","test_dao_init_bridge_has_policy_update_permission","Near Citizens House","Thu Jan 08 20:17:48 UTC 2026","passed","Thu Jan 08 20:17:53 UTC 2026","DAO Integration Setup","Sputnik Bridge Integration Tests","",""
"Verifies that backend wallet can pause and unpause the contract, emitting proper events.","27","test_pause_unpause","Near Citizens House","Thu Jan 08 19:51:19 UTC 2026","passed","Thu Jan 08 19:51:19 UTC 2026","Pause/Unpause","Verified Accounts Unit Tests","",""
"Verifies that when proposal creation fails at the DAO level (e.g., insufficient deposit), no proposal_created event is emitted.","5153","test_create_proposal_dao_failure_no_event","Near Citizens House","Thu Jan 08 20:16:52 UTC 2026","passed","Thu Jan 08 20:16:57 UTC 2026","Failure Handling","Sputnik Bridge Integration Tests","",""
"","85","should default to attestationId=1 when not specified","Near Citizens House","Thu Jan 08 19:51:03 UTC 2026","passed","Thu Jan 08 19:51:03 UTC 2026","ZK Verification > verifyStoredProof > Edge Cases","Shared Library Unit Tests","",""
"Verifies 1000 * 7 / 100 = 70.0 exactly.","0","test_quorum_with_1000_citizens_equals_70","Near Citizens House","Thu Jan 08 19:51:21 UTC 2026","passed","Thu Jan 08 19:51:21 UTC 2026","Quorum Calculation","Sputnik Bridge Unit Tests","",""
"Verifies unauthorized account cannot add member and receives appropriate error.","38","test_add_member_unauthorized_fails","Near Citizens House","Thu Jan 08 19:51:21 UTC 2026","passed","Thu Jan 08 19:51:21 UTC 2026","Access Control","Sputnik Bridge Unit Tests","",""
"","1","rejects all invalid examples from NEAR spec","Near Citizens House","Thu Jan 08 19:51:02 UTC 2026","passed","Thu Jan 08 19:51:02 UTC 2026","NEAR Account Validation > nearNamedAccountSchema > invalid named accounts","Shared Library Unit Tests","",""
"Verifies all read-only view functions return correct values for empty contract state.","14","test_read_functions","Near Citizens House","Thu Jan 08 19:51:19 UTC 2026","passed","Thu Jan 08 19:51:19 UTC 2026","Read Functions","Verified Accounts Unit Tests","",""
"
## Purpose
Verifies that proposals created via the bridge show the bridge contract as the proposer.

## Test 4.2.5 - bridge_proposal_shows_bridge_as_proposer

## Expected
Proposal.proposer == bridge contract account ID.
","9195","test_bridge_proposal_shows_bridge_as_proposer","Near Citizens House","Thu Jan 08 20:17:16 UTC 2026","passed","Thu Jan 08 20:17:25 UTC 2026","Member Addition","Sputnik Bridge Integration Tests","",""
"","66","should successfully connect to Celo RPC endpoint","Near Citizens House","Thu Jan 08 19:51:04 UTC 2026","passed","Thu Jan 08 19:51:04 UTC 2026","ZK Verification > RPC Connection > Happy Path","Shared Library Unit Tests","",""
"
## Purpose
Verifies that creating a proposal with exactly the required bond (1 NEAR) succeeds.

## Test 11.1.5 - create_proposal_with_exact_bond

## Expected
Transaction succeeds with exactly 1 NEAR deposit.
","5123","test_create_proposal_with_exact_bond","Near Citizens House","Thu Jan 08 20:16:27 UTC 2026","passed","Thu Jan 08 20:16:32 UTC 2026","Edge Cases","Sputnik Bridge Integration Tests","",""
"","1","should handle proof components exceeding typical size limits","Near Citizens House","Thu Jan 08 19:51:04 UTC 2026","passed","Thu Jan 08 19:51:04 UTC 2026","ZK Verification > verifyStoredProofWithDetails > Boundary Tests","Shared Library Unit Tests","",""
"","0","should throw for long nonce (33 bytes)","Near Citizens House","Thu Jan 08 19:51:02 UTC 2026","passed","Thu Jan 08 19:51:02 UTC 2026","NEP-413 Verification > computeNep413Hash > Boundary Tests","Shared Library Unit Tests","",""
"","80","should return false for invalid proof","Near Citizens House","Thu Jan 08 19:51:03 UTC 2026","passed","Thu Jan 08 19:51:03 UTC 2026","ZK Verification > verifyStoredProof > Negative Tests","Shared Library Unit Tests","",""
"
## Purpose
Verifies that VersionedVerification enum discriminants remain constant for record migration.

## Why This Matters
- If VersionedVerification::V1 discriminant changes, existing records become unreadable
- Lazy migration relies on correctly deserializing V1 records

## Expected Values
- V1: 0x00
","0","test_versioned_verification_discriminants_are_stable","Near Citizens House","Thu Jan 08 19:51:19 UTC 2026","passed","Thu Jan 08 19:51:19 UTC 2026","Storage Stability","Verified Accounts Unit Tests","",""
"","75","should handle proof with large BN254 field elements","Near Citizens House","Thu Jan 08 19:51:03 UTC 2026","passed","Thu Jan 08 19:51:03 UTC 2026","ZK Verification > verifyStoredProof > Boundary Tests","Shared Library Unit Tests","",""
"","0","should handle nonce with all 0xFF values (max byte)","Near Citizens House","Thu Jan 08 19:51:02 UTC 2026","passed","Thu Jan 08 19:51:02 UTC 2026","NEP-413 Verification > computeNep413Hash > Boundary Tests","Shared Library Unit Tests","",""
"","1","accepts named accounts","Near Citizens House","Thu Jan 08 19:51:02 UTC 2026","passed","Thu Jan 08 19:51:02 UTC 2026","NEAR Account Validation > nearAccountIdSchema","Shared Library Unit Tests","",""
"","0","accepts 64 lowercase hex chars","Near Citizens House","Thu Jan 08 19:51:02 UTC 2026","passed","Thu Jan 08 19:51:02 UTC 2026","NEAR Account Validation > nearImplicitAccountSchema > valid implicit accounts","Shared Library Unit Tests","",""
"","0","should produce different hash for different recipients","Near Citizens House","Thu Jan 08 19:51:02 UTC 2026","passed","Thu Jan 08 19:51:02 UTC 2026","NEP-413 Verification > computeNep413Hash > Happy Path","Shared Library Unit Tests","",""
"","0","should require exactly 32-byte nonce","Near Citizens House","Thu Jan 08 19:51:02 UTC 2026","passed","Thu Jan 08 19:51:02 UTC 2026","NEP-413 Verification > computeNep413Hash > Boundary Tests","Shared Library Unit Tests","",""
"Verifies that creating a proposal with an empty description fails.","13","test_create_proposal_empty_description_fails","Near Citizens House","Thu Jan 08 19:51:21 UTC 2026","passed","Thu Jan 08 19:51:21 UTC 2026","Description Validation","Sputnik Bridge Unit Tests","",""
"","0","test_self_proof_data_json_roundtrip","Near Citizens House","Thu Jan 08 19:51:19 UTC 2026","passed","Thu Jan 08 19:51:19 UTC 2026","Serialization","Verified Accounts Interface Tests","",""
"Baseline test: V1 contract can store and retrieve verifications.","3620","test_v1_baseline_storage_and_retrieval","Near Citizens House","Thu Jan 08 19:58:31 UTC 2026","passed","Thu Jan 08 19:58:35 UTC 2026","Versioning","Verified Accounts Integration Tests","",""
"Test 1.1.6: Verifies that the contract can be initialized with an implicit account (64 hex chars) as backend wallet.","2587","test_init_with_implicit_account_backend","Near Citizens House","Thu Jan 08 19:57:52 UTC 2026","passed","Thu Jan 08 19:57:55 UTC 2026","Initialization","Verified Accounts Integration Tests","",""
"Upgrade test: Nullifier protection persists across V1 to V2 upgrade.","5609","test_upgrade_nullifier_protection_persists","Near Citizens House","Thu Jan 08 19:58:20 UTC 2026","passed","Thu Jan 08 19:58:26 UTC 2026","Versioning","Verified Accounts Integration Tests","",""
"","0","should handle hex with leading zeros","Near Citizens House","Thu Jan 08 19:51:02 UTC 2026","passed","Thu Jan 08 19:51:02 UTC 2026","NEP-413 Verification > parseUserContextData > Edge Cases","Shared Library Unit Tests","",""
"","168","should cache verifier address","Near Citizens House","Thu Jan 08 19:51:05 UTC 2026","passed","Thu Jan 08 19:51:05 UTC 2026","ZK Verification > Verifier Contract Resolution > Positive Tests","Shared Library Unit Tests","",""
"Verifies callback handles promise failure when approving member addition with appropriate error.","14","test_callback_member_added_promise_failed","Near Citizens House","Thu Jan 08 19:51:21 UTC 2026","passed","Thu Jan 08 19:51:21 UTC 2026","Callbacks","Sputnik Bridge Unit Tests","",""
"Verifies MAX_DESCRIPTION_LENGTH constant has expected value of 10,000 characters.","0","test_max_description_length_constant","Near Citizens House","Thu Jan 08 19:51:21 UTC 2026","passed","Thu Jan 08 19:51:21 UTC 2026","Constants","Sputnik Bridge Unit Tests","",""
"Verifies that adding a member with zero deposit fails as expected.","6143","test_add_member_zero_deposit","Near Citizens House","Thu Jan 08 20:16:25 UTC 2026","passed","Thu Jan 08 20:16:31 UTC 2026","Edge Cases","Sputnik Bridge Integration Tests","",""
"","0","test_action_invalid_string_deserialization_fails","Near Citizens House","Thu Jan 08 19:51:21 UTC 2026","passed","Thu Jan 08 19:51:21 UTC 2026","Validation","Sputnik DAO Interface Tests","",""
"","0","should handle special characters in message","Near Citizens House","Thu Jan 08 19:51:02 UTC 2026","passed","Thu Jan 08 19:51:02 UTC 2026","NEP-413 Verification > computeNep413Hash > Edge Cases","Shared Library Unit Tests","",""
"Verifies that gas exhaustion during cross-contract calls doesn't cause partial state corruption and user is not added.","5686","test_gas_exhaustion_partial_operation","Near Citizens House","Thu Jan 08 20:16:54 UTC 2026","passed","Thu Jan 08 20:16:59 UTC 2026","Failure Handling","Sputnik Bridge Integration Tests","",""
"Verifies callback emits quorum_updated event when quorum update is successfully approved.","14","test_callback_quorum_updated","Near Citizens House","Thu Jan 08 19:51:21 UTC 2026","passed","Thu Jan 08 19:51:21 UTC 2026","Callbacks","Sputnik Bridge Unit Tests","",""
"","0","test_weight_kind_serialization","Near Citizens House","Thu Jan 08 19:51:21 UTC 2026","passed","Thu Jan 08 19:51:21 UTC 2026","Serialization","Sputnik DAO Interface Tests","",""
"Verifies that pagination handles large limit values gracefully on empty data without panicking.","14","test_pagination_with_large_limit_on_empty","Near Citizens House","Thu Jan 08 19:51:19 UTC 2026","passed","Thu Jan 08 19:51:19 UTC 2026","Read Functions","Verified Accounts Unit Tests","",""
"Verifies that batch verification returns false for all non-verified accounts.","14","test_are_verified_empty","Near Citizens House","Thu Jan 08 19:51:19 UTC 2026","passed","Thu Jan 08 19:51:19 UTC 2026","Composability Interface","Verified Accounts Unit Tests","",""
"
## Purpose
Verifies idempotent behavior when adding an existing citizen again.

## Behavior
SputnikDAO allows adding existing members (idempotent).
Two proposals are created (member + quorum update), user stays citizen.
","10202","test_add_member_already_citizen","Near Citizens House","Thu Jan 08 20:16:59 UTC 2026","passed","Thu Jan 08 20:17:09 UTC 2026","Member Addition","Sputnik Bridge Integration Tests","",""
"","0","should extract public key from valid ed25519: prefixed key","Near Citizens House","Thu Jan 08 19:51:02 UTC 2026","passed","Thu Jan 08 19:51:02 UTC 2026","NEP-413 Verification > extractEd25519PublicKeyHex > Happy Path","Shared Library Unit Tests","",""
"Verifies that ProposalCreatedEvent serializes correctly to JSON.","0","test_proposal_created_event_serializes_correctly","Near Citizens House","Thu Jan 08 19:51:21 UTC 2026","passed","Thu Jan 08 19:51:21 UTC 2026","Events","Sputnik Bridge Unit Tests","",""
"","82","should handle maximum attestation ID (3)","Near Citizens House","Thu Jan 08 19:51:04 UTC 2026","passed","Thu Jan 08 19:51:04 UTC 2026","ZK Verification > verifyStoredProofWithDetails > Boundary Tests","Shared Library Unit Tests","",""
"Verifies callback successfully processes proposal creation and schedules act_proposal.","14","test_callback_proposal_created","Near Citizens House","Thu Jan 08 19:51:21 UTC 2026","passed","Thu Jan 08 19:51:21 UTC 2026","Callbacks","Sputnik Bridge Unit Tests","",""
"Verifies the same NEAR account cannot be verified twice even with new signatures/nullifiers.","25","test_double_verification_rejected","Near Citizens House","Thu Jan 08 19:51:19 UTC 2026","passed","Thu Jan 08 19:51:19 UTC 2026","Store Verification","Verified Accounts Unit Tests","",""
"Verifies that an already verified account cannot be verified again.","4628","test_account_already_verified_rejected","Near Citizens House","Thu Jan 08 19:58:01 UTC 2026","passed","Thu Jan 08 19:58:06 UTC 2026","Signature Verification","Verified Accounts Integration Tests","",""
"","0","should handle malformed proof with missing fields","Near Citizens House","Thu Jan 08 19:51:04 UTC 2026","passed","Thu Jan 08 19:51:04 UTC 2026","ZK Verification > verifyStoredProofWithDetails > Negative Tests","Shared Library Unit Tests","",""
"Verifies that when DAO rejects a member addition (e.g., insufficient deposit), no member_added event is emitted and user is not added.","6698","test_add_member_dao_failure_no_event","Near Citizens House","Thu Jan 08 20:16:47 UTC 2026","passed","Thu Jan 08 20:16:54 UTC 2026","Failure Handling","Sputnik Bridge Integration Tests","",""
"Verifies that pagination returns empty when from_index is beyond existing data.","2075","test_pagination_from_index_beyond_data","Near Citizens House","Thu Jan 08 19:57:55 UTC 2026","passed","Thu Jan 08 19:57:57 UTC 2026","Pagination","Verified Accounts Integration Tests","",""
"","66","should include verifier address on success","Near Citizens House","Thu Jan 08 19:51:03 UTC 2026","passed","Thu Jan 08 19:51:03 UTC 2026","ZK Verification > verifyStoredProofWithDetails > Happy Path","Shared Library Unit Tests","",""
"","0","identifies implicit accounts","Near Citizens House","Thu Jan 08 19:51:02 UTC 2026","passed","Thu Jan 08 19:51:02 UTC 2026","NEAR Account Validation > getNearAccountType","Shared Library Unit Tests","",""
"
## Purpose
Verifies the complete happy path for storing a verified account with real ED25519 cryptographic signatures.

## Preconditions
- Backend wallet is configured as contract owner
- User has a valid ED25519 keypair
- NEP-413 signature is properly formatted and valid

## Expected Behavior
1. Verification is stored without panic
2. Account is marked as verified
3. Verified count increments to 1
4. `verification_stored` event is emitted with correct JSON format
5. Account data is retrievable with correct nullifier
","19","test_happy_path_store_verification","Near Citizens House","Thu Jan 08 19:51:19 UTC 2026","passed","Thu Jan 08 19:51:19 UTC 2026","Store Verification","Verified Accounts Unit Tests","",""
"Verifies that the backend wallet can pause and unpause the contract correctly.","3196","test_authorized_pause_unpause","Near Citizens House","Thu Jan 08 19:57:46 UTC 2026","passed","Thu Jan 08 19:57:49 UTC 2026","Access Control","Verified Accounts Integration Tests","",""
"Verifies callback calculates quorum from policy and schedules quorum update proposal.","14","test_callback_policy_received_for_quorum","Near Citizens House","Thu Jan 08 19:51:21 UTC 2026","passed","Thu Jan 08 19:51:21 UTC 2026","Callbacks","Sputnik Bridge Unit Tests","",""
"Verifies that successful operations work correctly after a failed callback, demonstrating proper error recovery.","9190","test_successful_operation_after_failed_callback","Near Citizens House","Thu Jan 08 20:16:57 UTC 2026","passed","Thu Jan 08 20:17:06 UTC 2026","Failure Handling","Sputnik Bridge Integration Tests","",""
"","0","accepts deeply nested subaccounts","Near Citizens House","Thu Jan 08 19:51:02 UTC 2026","passed","Thu Jan 08 19:51:02 UTC 2026","NEAR Account Validation > nearNamedAccountSchema > valid named accounts","Shared Library Unit Tests","",""
"Verifies that the DAO policy is configured correctly with proper proposal period and citizen role.","4691","test_dao_policy_configured_correctly","Near Citizens House","Thu Jan 08 20:17:52 UTC 2026","passed","Thu Jan 08 20:17:56 UTC 2026","Contract Setup","Sputnik Bridge Integration Tests","",""
"Verifies that after wallet rotation, the old backend wallet is blocked from bridge write operations while the new backend wallet has full access. Security-critical test.","8843","test_backend_wallet_rotation_enforced","Near Citizens House","Thu Jan 08 20:15:13 UTC 2026","passed","Thu Jan 08 20:15:21 UTC 2026","Backend Wallet Management","Sputnik Bridge Integration Tests","",""
"","76","should include RPC URL used for verification","Near Citizens House","Thu Jan 08 19:51:03 UTC 2026","passed","Thu Jan 08 19:51:03 UTC 2026","ZK Verification > verifyStoredProofWithDetails > Happy Path","Shared Library Unit Tests","",""
"","0","should return null for missing required fields","Near Citizens House","Thu Jan 08 19:51:02 UTC 2026","passed","Thu Jan 08 19:51:02 UTC 2026","NEP-413 Verification > parseUserContextData > Negative Tests","Shared Library Unit Tests","",""
"","1","should reject invalid signature","Near Citizens House","Thu Jan 08 19:51:02 UTC 2026","passed","Thu Jan 08 19:51:02 UTC 2026","NEP-413 Verification > verifyNearSignature > Negative Tests","Shared Library Unit Tests","",""
"Verifies that only the backend wallet can unpause the contract and unauthorized accounts are rejected.","26","test_unauthorized_unpause","Near Citizens House","Thu Jan 08 19:51:19 UTC 2026","passed","Thu Jan 08 19:51:19 UTC 2026","Pause/Unpause","Verified Accounts Unit Tests","",""
"Verifies that random accounts without any role cannot add proposals to the DAO. Security-critical test.","5181","test_random_account_cannot_add_proposal_to_dao","Near Citizens House","Thu Jan 08 20:17:42 UTC 2026","passed","Thu Jan 08 20:17:47 UTC 2026","Access Control","Sputnik Bridge Integration Tests","",""
"Verifies the DAO correctly tracks proposal IDs and counts.","3108","test_dao_proposal_counting","Near Citizens House","Thu Jan 08 20:15:21 UTC 2026","passed","Thu Jan 08 20:15:24 UTC 2026","DAO Sanity Tests","Sputnik Bridge Integration Tests","",""
"","0","should handle very long recipient string","Near Citizens House","Thu Jan 08 19:51:02 UTC 2026","passed","Thu Jan 08 19:51:02 UTC 2026","NEP-413 Verification > computeNep413Hash > Edge Cases","Shared Library Unit Tests","",""
"
## Purpose
Verifies that only the backend wallet can call add_member.

## Security
Unauthorized accounts should receive ""Only backend wallet"" error.
","6183","test_add_member_unauthorized","Near Citizens House","Thu Jan 08 20:17:09 UTC 2026","passed","Thu Jan 08 20:17:16 UTC 2026","Member Addition","Sputnik Bridge Integration Tests","",""
"Verifies backend wallet can successfully update to a new wallet address with 1 yocto deposit.","13","test_update_backend_wallet","Near Citizens House","Thu Jan 08 19:51:21 UTC 2026","passed","Thu Jan 08 19:51:21 UTC 2026","Backend Wallet Management","Sputnik Bridge Unit Tests","",""
"Tests boundary transition from 2 to 3 quorum (28→29 citizens).","0","test_quorum_boundary_2_to_3","Near Citizens House","Thu Jan 08 19:51:21 UTC 2026","passed","Thu Jan 08 19:51:21 UTC 2026","Quorum Boundaries","Sputnik Bridge Unit Tests","",""
"
## Purpose
Verifies that empty descriptions are rejected during proposal creation.

## Input Validation
Empty string """" should be rejected with ""cannot be empty"" error.
","4646","test_create_proposal_empty_description","Near Citizens House","Thu Jan 08 20:17:22 UTC 2026","passed","Thu Jan 08 20:17:27 UTC 2026","Proposal Validation","Sputnik Bridge Integration Tests","",""
"
## Purpose
Verifies that descriptions at exactly the max length (10,000 chars) are accepted.

## Boundary Test
- Input: Exactly 10,000 characters (limit)
- Expected: Succeeds
","5669","test_create_proposal_exactly_max_length","Near Citizens House","Thu Jan 08 20:17:25 UTC 2026","passed","Thu Jan 08 20:17:31 UTC 2026","Proposal Validation","Sputnik Bridge Integration Tests","",""
"Verifies unauthorized account cannot update backend wallet and receives appropriate error.","38","test_update_backend_wallet_unauthorized","Near Citizens House","Thu Jan 08 19:51:21 UTC 2026","passed","Thu Jan 08 19:51:21 UTC 2026","Backend Wallet Management","Sputnik Bridge Unit Tests","",""
"Verifies callback emits member_added event and schedules get_policy when member is successfully added.","15","test_callback_member_added","Near Citizens House","Thu Jan 08 19:51:21 UTC 2026","passed","Thu Jan 08 19:51:21 UTC 2026","Callbacks","Sputnik Bridge Unit Tests","",""
"","0","test_empty_public_signals","Near Citizens House","Thu Jan 08 19:51:19 UTC 2026","passed","Thu Jan 08 19:51:19 UTC 2026","Serialization","Verified Accounts Interface Tests","",""
"NEP-413 specifies tag = 2147484061 (2^31 + 413) as little-endian 4-byte prefix","0","should use correct NEP-413 tag (2^31 + 413)","Near Citizens House","Thu Jan 08 19:51:02 UTC 2026","passed","Thu Jan 08 19:51:02 UTC 2026","NEP-413 Verification > computeNep413Hash > NEP-413 Tag Verification","Shared Library Unit Tests","",""
"
## Purpose
Verifies proposal passes when majority (>50%) votes approve.

## Scenario
3 citizens: 1st vote → InProgress, 2nd vote → Approved (2/3 ≥ 50%)
","16229","test_proposal_passes_with_majority","Near Citizens House","Thu Jan 08 20:18:21 UTC 2026","passed","Thu Jan 08 20:18:38 UTC 2026","Proposal Outcomes","Sputnik Bridge Integration Tests","",""
"
## Purpose
Verifies that all citizens in the DAO are verified in the verified-accounts contract.
This is a critical Sybil-resistance invariant.

## Test 13.3.1 - dao_citizens_are_verified

## Invariant
For every account in the DAO citizen role, is_account_verified() == true.
","20776","test_dao_citizens_are_verified","Near Citizens House","Thu Jan 08 20:18:00 UTC 2026","passed","Thu Jan 08 20:18:20 UTC 2026","State Consistency","Sputnik Bridge Integration Tests","",""
"","0","should build proof data from valid inputs","Near Citizens House","Thu Jan 08 19:51:02 UTC 2026","passed","Thu Jan 08 19:51:02 UTC 2026","NEP-413 Verification > buildProofData > Happy Path","Shared Library Unit Tests","",""
"Verifies that when auto-approve fails (due to missing permissions), no member_added event is emitted and the user is not added.","6666","test_add_member_auto_approve_failure_no_event","Near Citizens House","Thu Jan 08 20:16:40 UTC 2026","passed","Thu Jan 08 20:16:47 UTC 2026","Failure Handling","Sputnik Bridge Integration Tests","",""
"Verifies that callback_proposal_created cannot be called externally, protected by #[private] macro. Security-critical test.","5669","test_callback_proposal_created_cannot_be_called_externally","Near Citizens House","Thu Jan 08 20:17:37 UTC 2026","passed","Thu Jan 08 20:17:43 UTC 2026","Callback Security","Sputnik Bridge Integration Tests","",""
"Verifies that user_context_data at the 4096 character limit is accepted.","19","test_user_context_data_max_length_allowed","Near Citizens House","Thu Jan 08 19:51:19 UTC 2026","passed","Thu Jan 08 19:51:19 UTC 2026","Input Validation","Verified Accounts Unit Tests","",""
"Verifies that are_verified enforces the batch size limit of 100 accounts.","2526","test_batch_size_limit_enforced","Near Citizens House","Thu Jan 08 19:58:01 UTC 2026","passed","Thu Jan 08 19:58:03 UTC 2026","Security","Verified Accounts Integration Tests","",""
"Verifies that unicode characters in user_context_data are handled correctly.","3610","test_unicode_in_user_context_data","Near Citizens House","Thu Jan 08 19:57:50 UTC 2026","passed","Thu Jan 08 19:57:54 UTC 2026","Edge Cases","Verified Accounts Integration Tests","",""
"Verifies signatures signed by a different key than the declared account are rejected.","18","test_signature_from_different_key_rejected","Near Citizens House","Thu Jan 08 19:51:19 UTC 2026","passed","Thu Jan 08 19:51:19 UTC 2026","Signature Verification","Verified Accounts Unit Tests","",""
"","1","returns true for valid accounts","Near Citizens House","Thu Jan 08 19:51:02 UTC 2026","passed","Thu Jan 08 19:51:02 UTC 2026","NEAR Account Validation > isValidNearAccountId","Shared Library Unit Tests","",""
"","0","test_remove_member_from_role_serialization","Near Citizens House","Thu Jan 08 19:51:21 UTC 2026","passed","Thu Jan 08 19:51:21 UTC 2026","Serialization","Sputnik DAO Interface Tests","",""
"","0","rejects consecutive separators","Near Citizens House","Thu Jan 08 19:51:02 UTC 2026","passed","Thu Jan 08 19:51:02 UTC 2026","NEAR Account Validation > nearNamedAccountSchema > invalid named accounts","Shared Library Unit Tests","",""
"Verifies that calculated quorum never exceeds the total citizen count.","0","test_invariant_quorum_never_exceeds_citizen_count","Near Citizens House","Thu Jan 08 19:51:21 UTC 2026","passed","Thu Jan 08 19:51:21 UTC 2026","Invariants","Sputnik Bridge Unit Tests","",""
"
## Purpose
Verifies that a citizen cannot vote twice on the same proposal.

## Security
Prevents vote manipulation by ensuring one-vote-per-citizen per proposal.
","9673","test_cannot_vote_twice_on_same_proposal","Near Citizens House","Thu Jan 08 20:18:05 UTC 2026","passed","Thu Jan 08 20:18:15 UTC 2026","Citizen Voting","Sputnik Bridge Integration Tests","",""
"Verifies that the proposal_created event is emitted when a proposal is created via the bridge with correct event data.","5296","test_proposal_created_event_emitted","Near Citizens House","Thu Jan 08 20:15:13 UTC 2026","passed","Thu Jan 08 20:15:18 UTC 2026","Events","Sputnik Bridge Integration Tests","",""
"Verifies the quorum boundary transition from 14 to 15 citizens where quorum increases from 1 to 2.","55545","test_quorum_boundary_14_to_15_citizens","Near Citizens House","Thu Jan 08 20:15:24 UTC 2026","passed","Thu Jan 08 20:16:19 UTC 2026","Dynamic Quorum","Sputnik Bridge Integration Tests","",""
"Verifies that unpause requires exactly 1 yoctoNEAR deposit.","3624","test_unpause_requires_one_yocto","Near Citizens House","Thu Jan 08 19:57:58 UTC 2026","passed","Thu Jan 08 19:58:01 UTC 2026","Pause/Unpause","Verified Accounts Integration Tests","",""
"Verifies that unicode characters in role name are accepted.","4641","test_init_with_unicode_role_name","Near Citizens House","Thu Jan 08 20:17:58 UTC 2026","passed","Thu Jan 08 20:18:02 UTC 2026","Contract Setup","Sputnik Bridge Integration Tests","",""
"Tests exact 7% boundary at 100 citizens.","0","test_quorum_boundary_exact_7_percent","Near Citizens House","Thu Jan 08 19:51:21 UTC 2026","passed","Thu Jan 08 19:51:21 UTC 2026","Quorum Boundaries","Sputnik Bridge Unit Tests","",""
"","0","should handle JSON with null bytes","Near Citizens House","Thu Jan 08 19:51:02 UTC 2026","passed","Thu Jan 08 19:51:02 UTC 2026","NEP-413 Verification > parseUserContextData > Edge Cases","Shared Library Unit Tests","",""
"","0","test_change_policy_add_or_update_role_serialization","Near Citizens House","Thu Jan 08 19:51:21 UTC 2026","passed","Thu Jan 08 19:51:21 UTC 2026","Serialization","Sputnik DAO Interface Tests","",""
"Verifies that a proof with exactly 21 public signals within the length limit is accepted.","19","test_public_signals_at_max_length_allowed","Near Citizens House","Thu Jan 08 19:51:19 UTC 2026","passed","Thu Jan 08 19:51:19 UTC 2026","Proof Validation","Verified Accounts Unit Tests","",""
"Verifies that signatures with invalid length (not 64 bytes) are rejected.","3630","test_invalid_signature_length","Near Citizens House","Thu Jan 08 19:57:54 UTC 2026","passed","Thu Jan 08 19:57:58 UTC 2026","Input Validation","Verified Accounts Integration Tests","",""
"","0","test_weight_or_ratio_weight_serialization","Near Citizens House","Thu Jan 08 19:51:21 UTC 2026","passed","Thu Jan 08 19:51:21 UTC 2026","Serialization","Sputnik DAO Interface Tests","",""
"Stress test: store many verifications and validate batch read APIs at max size.","1016098","test_stress_batch_reads_at_max_limit","Near Citizens House","Thu Jan 08 19:58:07 UTC 2026","passed","Thu Jan 08 20:15:03 UTC 2026","Stress Tests","Verified Accounts Integration Tests","",""
"Verifies that nonces shorter than 32 bytes are rejected.","13","test_invalid_nonce_length","Near Citizens House","Thu Jan 08 19:51:19 UTC 2026","passed","Thu Jan 08 19:51:19 UTC 2026","Signature Verification","Verified Accounts Unit Tests","",""
"Verifies that the backend wallet can be updated and the new wallet gains proper permissions.","5223","test_update_backend_wallet","Near Citizens House","Thu Jan 08 19:57:46 UTC 2026","passed","Thu Jan 08 19:57:51 UTC 2026","Access Control","Verified Accounts Integration Tests","",""
"Upgrade test: V2-specific get_upgrade_timestamp method works after upgrade. ContractV2 records the timestamp when V1 state was migrated.","5126","test_upgrade_v2_contract_upgrade_timestamp","Near Citizens House","Thu Jan 08 19:58:27 UTC 2026","passed","Thu Jan 08 19:58:32 UTC 2026","Versioning","Verified Accounts Integration Tests","",""
"Verifies that unauthorized accounts cannot pause the contract. Security-critical test.","3215","test_unauthorized_pause","Near Citizens House","Thu Jan 08 19:57:46 UTC 2026","passed","Thu Jan 08 19:57:49 UTC 2026","Access Control","Verified Accounts Integration Tests","",""
"","0","should parse valid plain JSON input","Near Citizens House","Thu Jan 08 19:51:02 UTC 2026","passed","Thu Jan 08 19:51:02 UTC 2026","NEP-413 Verification > parseUserContextData > Happy Path","Shared Library Unit Tests","",""
"","0","test_proposal_input_serialization","Near Citizens House","Thu Jan 08 19:51:21 UTC 2026","passed","Thu Jan 08 19:51:21 UTC 2026","Serialization","Sputnik DAO Interface Tests","",""
"Documents that WeightOrRatio::Ratio allows zero denominator at the type level. This is a dangerous edge case that could cause division-by-zero in consuming contracts. Validation must happen in the DAO contract, not the interface.","0","test_weight_or_ratio_zero_denominator_allowed","Near Citizens House","Thu Jan 08 19:51:21 UTC 2026","passed","Thu Jan 08 19:51:21 UTC 2026","Validation","Sputnik DAO Interface Tests","",""
"Verifies ceiling division across multiple boundary transitions.","0","test_quorum_ceiling_division_correctness","Near Citizens House","Thu Jan 08 19:51:21 UTC 2026","passed","Thu Jan 08 19:51:21 UTC 2026","Quorum Calculation","Sputnik Bridge Unit Tests","",""
"","2","should reject signature for wrong message","Near Citizens House","Thu Jan 08 19:51:02 UTC 2026","passed","Thu Jan 08 19:51:02 UTC 2026","NEP-413 Verification > verifyNearSignature > Negative Tests","Shared Library Unit Tests","",""
"Documents serialization behavior for WeightOrRatio::Ratio with zero denominator. This dangerous edge case (potential division-by-zero) is allowed at the type level. Consuming DAO contracts must validate that Ratio denominators are non-zero.","0","test_weight_or_ratio_zero_denominator_serialization","Near Citizens House","Thu Jan 08 19:51:21 UTC 2026","passed","Thu Jan 08 19:51:21 UTC 2026","Serialization","Sputnik DAO Interface Tests","",""
"Verifies quorum calculation scales correctly with large citizen counts.","0","test_quorum_large_numbers","Near Citizens House","Thu Jan 08 19:51:21 UTC 2026","passed","Thu Jan 08 19:51:21 UTC 2026","Quorum Calculation","Sputnik Bridge Unit Tests","",""
"Verifies that a nullifier exactly 80 characters long is accepted.","21","test_nullifier_max_length_allowed","Near Citizens House","Thu Jan 08 19:51:19 UTC 2026","passed","Thu Jan 08 19:51:19 UTC 2026","Input Validation","Verified Accounts Unit Tests","",""
"Verifies that only the backend wallet can pause the contract and unauthorized accounts are rejected.","13","test_unauthorized_pause","Near Citizens House","Thu Jan 08 19:51:19 UTC 2026","passed","Thu Jan 08 19:51:19 UTC 2026","Pause/Unpause","Verified Accounts Unit Tests","",""
"","1","accepts standard named accounts","Near Citizens House","Thu Jan 08 19:51:02 UTC 2026","passed","Thu Jan 08 19:51:02 UTC 2026","NEAR Account Validation > nearNamedAccountSchema > valid named accounts","Shared Library Unit Tests","",""
"Verifies that list_verifications pagination works correctly with multiple verified accounts.","5122","test_list_verifications_pagination","Near Citizens House","Thu Jan 08 19:58:06 UTC 2026","passed","Thu Jan 08 19:58:11 UTC 2026","Signature Verification","Verified Accounts Integration Tests","",""
"","0","should handle empty public signals array","Near Citizens House","Thu Jan 08 19:51:04 UTC 2026","passed","Thu Jan 08 19:51:04 UTC 2026","ZK Verification > verifyStoredProofWithDetails > Edge Cases","Shared Library Unit Tests","",""
"Verifies that a proposal is rejected when NO votes reach the effective threshold.","42913","test_vote_proposal_rejected_at_threshold","Near Citizens House","Thu Jan 08 20:16:08 UTC 2026","passed","Thu Jan 08 20:16:51 UTC 2026","Dynamic Quorum","Sputnik Bridge Integration Tests","",""
"","0","test_weight_or_ratio_empty_array_fails","Near Citizens House","Thu Jan 08 19:51:21 UTC 2026","passed","Thu Jan 08 19:51:21 UTC 2026","Validation","Sputnik DAO Interface Tests","",""
"Verifies QUORUM_PERCENT is within valid range (0 < value <= 100).","0","test_invariant_quorum_percent_valid_range","Near Citizens House","Thu Jan 08 19:51:21 UTC 2026","passed","Thu Jan 08 19:51:21 UTC 2026","Invariants","Sputnik Bridge Unit Tests","",""
"Verifies that unauthorized accounts cannot store verifications. Security-critical test.","4222","test_unauthorized_store_verification","Near Citizens House","Thu Jan 08 19:57:46 UTC 2026","passed","Thu Jan 08 19:57:50 UTC 2026","Access Control","Verified Accounts Integration Tests","",""
"","0","test_self_proof_data_invalid_proof_type_fails","Near Citizens House","Thu Jan 08 19:51:19 UTC 2026","passed","Thu Jan 08 19:51:19 UTC 2026","Validation","Verified Accounts Interface Tests","",""
"Verifies that valid NEP-413 signatures are accepted and verification is stored correctly.","3583","test_valid_signature_verification_succeeds","Near Citizens House","Thu Jan 08 19:58:07 UTC 2026","passed","Thu Jan 08 19:58:10 UTC 2026","Signature Verification","Verified Accounts Integration Tests","",""
"Verifies callback emits proposal_created event when vote proposal is successfully created.","14","test_callback_vote_proposal_created","Near Citizens House","Thu Jan 08 19:51:21 UTC 2026","passed","Thu Jan 08 19:51:21 UTC 2026","Callbacks","Sputnik Bridge Unit Tests","",""
"
## Purpose
Verifies that the backend wallet update operation succeeds and the new wallet is correctly stored.

## Note
The contract does not currently emit a backend_wallet_updated event.
This could be added as a future enhancement.
","5676","test_wallet_update_succeeds","Near Citizens House","Thu Jan 08 20:15:18 UTC 2026","passed","Thu Jan 08 20:15:24 UTC 2026","Backend Wallet Management","Sputnik Bridge Integration Tests","",""
"","0","should convert nonce to base64","Near Citizens House","Thu Jan 08 19:51:02 UTC 2026","passed","Thu Jan 08 19:51:02 UTC 2026","NEP-413 Verification > buildProofData > Positive Tests","Shared Library Unit Tests","",""
"","0","accepts 0x + 40 lowercase hex chars","Near Citizens House","Thu Jan 08 19:51:02 UTC 2026","passed","Thu Jan 08 19:51:02 UTC 2026","NEAR Account Validation > ethImplicitAccountSchema > valid ETH-implicit accounts","Shared Library Unit Tests","",""
"","0","rejects non-hex characters","Near Citizens House","Thu Jan 08 19:51:02 UTC 2026","passed","Thu Jan 08 19:51:02 UTC 2026","NEAR Account Validation > nearImplicitAccountSchema > invalid implicit accounts","Shared Library Unit Tests","",""
"","0","should convert base64 nonce to array","Near Citizens House","Thu Jan 08 19:51:02 UTC 2026","passed","Thu Jan 08 19:51:02 UTC 2026","NEP-413 Verification > parseUserContextData > Positive Tests","Shared Library Unit Tests","",""
"","0","rejects uppercase hex","Near Citizens House","Thu Jan 08 19:51:02 UTC 2026","passed","Thu Jan 08 19:51:02 UTC 2026","NEAR Account Validation > ethImplicitAccountSchema > invalid ETH-implicit accounts","Shared Library Unit Tests","",""
"Verifies that quorum updates are atomic with member addition, with both member_added and quorum_updated events emitted.","8703","test_quorum_update_atomic_with_member_addition","Near Citizens House","Thu Jan 08 20:15:24 UTC 2026","passed","Thu Jan 08 20:15:33 UTC 2026","Dynamic Quorum","Sputnik Bridge Integration Tests","",""
"Verifies that only the backend wallet can store verifications and unauthorized accounts are rejected.","35","test_unauthorized_write","Near Citizens House","Thu Jan 08 19:51:19 UTC 2026","passed","Thu Jan 08 19:51:19 UTC 2026","Access Control","Verified Accounts Unit Tests","",""
"","0","test_empty_group_serialization","Near Citizens House","Thu Jan 08 19:51:21 UTC 2026","passed","Thu Jan 08 19:51:21 UTC 2026","Serialization","Sputnik DAO Interface Tests","",""
"","0","should parse valid hex-encoded JSON input","Near Citizens House","Thu Jan 08 19:51:02 UTC 2026","passed","Thu Jan 08 19:51:02 UTC 2026","NEP-413 Verification > parseUserContextData > Happy Path","Shared Library Unit Tests","",""
"","0","accepts ETH-implicit accounts","Near Citizens House","Thu Jan 08 19:51:02 UTC 2026","passed","Thu Jan 08 19:51:02 UTC 2026","NEAR Account Validation > nearAccountIdSchema","Shared Library Unit Tests","",""
"V1 nullifier protection works correctly.","4090","test_v1_nullifier_protection","Near Citizens House","Thu Jan 08 19:58:32 UTC 2026","passed","Thu Jan 08 19:58:36 UTC 2026","Versioning","Verified Accounts Integration Tests","",""
"Verifies that replay attempts are rejected by account uniqueness.","4613","test_signature_replay_rejected","Near Citizens House","Thu Jan 08 19:58:01 UTC 2026","passed","Thu Jan 08 19:58:06 UTC 2026","Security","Verified Accounts Integration Tests","",""
"Verifies that bridge initialization succeeds even if the verified-accounts contract doesn't exist. Cross-contract calls will fail later.","3126","test_init_with_nonexistent_verified_accounts","Near Citizens House","Thu Jan 08 20:17:56 UTC 2026","passed","Thu Jan 08 20:18:00 UTC 2026","Contract Setup","Sputnik Bridge Integration Tests","",""
"","95","should return isValid=false for invalid proof","Near Citizens House","Thu Jan 08 19:51:03 UTC 2026","passed","Thu Jan 08 19:51:04 UTC 2026","ZK Verification > verifyStoredProofWithDetails > Positive Tests","Shared Library Unit Tests","",""
"Verifies that changing the nonce after signing invalidates the signature.","19","test_signature_wrong_nonce_rejected","Near Citizens House","Thu Jan 08 19:51:19 UTC 2026","passed","Thu Jan 08 19:51:19 UTC 2026","Signature Verification","Verified Accounts Unit Tests","",""
"Upgrade test: Account uniqueness persists across upgrade.","4598","test_upgrade_account_uniqueness_persists","Near Citizens House","Thu Jan 08 19:58:11 UTC 2026","passed","Thu Jan 08 19:58:16 UTC 2026","Versioning","Verified Accounts Integration Tests","",""
"","0","should handle mixed binary and JSON data","Near Citizens House","Thu Jan 08 19:51:02 UTC 2026","passed","Thu Jan 08 19:51:02 UTC 2026","NEP-413 Verification > parseUserContextData > Edge Cases","Shared Library Unit Tests","",""
"Verifies that multiple members can be added in rapid succession without state corruption. Note: Additions are sequential (not truly concurrent) due to blockchain transaction ordering, but rapid succession still tests for race conditions in state management.","21295","test_rapid_sequential_member_additions","Near Citizens House","Thu Jan 08 20:16:31 UTC 2026","passed","Thu Jan 08 20:16:52 UTC 2026","Edge Cases","Sputnik Bridge Integration Tests","",""
"","0","should work without ed25519: prefix","Near Citizens House","Thu Jan 08 19:51:02 UTC 2026","passed","Thu Jan 08 19:51:02 UTC 2026","NEP-413 Verification > extractEd25519PublicKeyHex > Positive Tests - Prefix Handling","Shared Library Unit Tests","",""
"","0","should throw for invalid base58 characters","Near Citizens House","Thu Jan 08 19:51:02 UTC 2026","passed","Thu Jan 08 19:51:02 UTC 2026","NEP-413 Verification > extractEd25519PublicKeyHex > Negative Tests","Shared Library Unit Tests","",""
"Verifies that all-zeros nonce (edge case - weak randomness) is accepted.","3076","test_nonce_all_zeros","Near Citizens House","Thu Jan 08 19:57:50 UTC 2026","passed","Thu Jan 08 19:57:53 UTC 2026","Edge Cases","Verified Accounts Integration Tests","",""
"Verifies that whitespace-only citizen_role is trimmed and rejected as empty.","13","test_initialization_whitespace_only_citizen_role_fails","Near Citizens House","Thu Jan 08 19:51:21 UTC 2026","passed","Thu Jan 08 19:51:21 UTC 2026","Initialization","Sputnik Bridge Unit Tests","",""
"
## Purpose
Verifies that bridge configuration (sputnik_dao, verified_accounts) remains unchanged
after member additions and proposal creations.

## Test 13.2.1 - bridge_config_unchanged_after_operations

## Invariant
sputnik_dao and verified_accounts_contract addresses never change.
","15230","test_bridge_config_unchanged_after_operations","Near Citizens House","Thu Jan 08 20:17:58 UTC 2026","passed","Thu Jan 08 20:18:13 UTC 2026","State Consistency","Sputnik Bridge Integration Tests","",""
"","0","identifies ETH-implicit accounts","Near Citizens House","Thu Jan 08 19:51:02 UTC 2026","passed","Thu Jan 08 19:51:02 UTC 2026","NEAR Account Validation > getNearAccountType","Shared Library Unit Tests","",""
"","105","should return error message when all RPCs fail","Near Citizens House","Thu Jan 08 19:51:04 UTC 2026","passed","Thu Jan 08 19:51:04 UTC 2026","ZK Verification > verifyStoredProofWithDetails > Negative Tests","Shared Library Unit Tests","",""
"
## Purpose
Verifies that non-citizens (users not in the citizen role) cannot vote on proposals.

## Security
Critical access control test - only verified citizens should participate in governance.
","6167","test_non_citizen_cannot_vote","Near Citizens House","Thu Jan 08 20:18:15 UTC 2026","passed","Thu Jan 08 20:18:21 UTC 2026","Citizen Voting","Sputnik Bridge Integration Tests","",""
"Verifies that the DAO has an empty citizen role initially, ready for citizens to be added.","4685","test_dao_init_with_citizen_role","Near Citizens House","Thu Jan 08 20:17:51 UTC 2026","passed","Thu Jan 08 20:17:56 UTC 2026","DAO Integration Setup","Sputnik Bridge Integration Tests","",""
"","1","should reject signature for wrong recipient","Near Citizens House","Thu Jan 08 19:51:02 UTC 2026","passed","Thu Jan 08 19:51:02 UTC 2026","NEP-413 Verification > verifyNearSignature > Negative Tests","Shared Library Unit Tests","",""
"Verifies that a tampered signature fails NEP-413 verification.","19","test_invalid_signature_contents","Near Citizens House","Thu Jan 08 19:51:19 UTC 2026","passed","Thu Jan 08 19:51:19 UTC 2026","Signature Verification","Verified Accounts Unit Tests","",""
"Verifies that signatures longer than 64 bytes are rejected.","14","test_signature_too_long","Near Citizens House","Thu Jan 08 19:51:19 UTC 2026","passed","Thu Jan 08 19:51:19 UTC 2026","Signature Verification","Verified Accounts Unit Tests","",""
"","1","rejects invalid characters","Near Citizens House","Thu Jan 08 19:51:02 UTC 2026","passed","Thu Jan 08 19:51:02 UTC 2026","NEAR Account Validation > nearNamedAccountSchema > invalid named accounts","Shared Library Unit Tests","",""
"The Groth16 verifier expects b coordinates in swapped order: b[i][1], b[i][0] instead of b[i][0], b[i][1]. This test verifies the swap is applied.","73","should handle proof b coordinate swap correctly","Near Citizens House","Thu Jan 08 19:51:03 UTC 2026","passed","Thu Jan 08 19:51:03 UTC 2026","ZK Verification > verifyStoredProof > Edge Cases","Shared Library Unit Tests","",""
"
## Purpose
Verifies proposal is rejected when majority (>50%) votes reject.

## Scenario
3 citizens: 1st reject → InProgress, 2nd reject → Rejected (2/3 ≥ 50%)
","16245","test_proposal_fails_with_majority_no","Near Citizens House","Thu Jan 08 20:18:21 UTC 2026","passed","Thu Jan 08 20:18:37 UTC 2026","Proposal Outcomes","Sputnik Bridge Integration Tests","",""
"Verifies that storing verifications is blocked when the contract is paused.","3600","test_store_verification_when_paused","Near Citizens House","Thu Jan 08 19:57:57 UTC 2026","passed","Thu Jan 08 19:58:01 UTC 2026","Pause/Unpause","Verified Accounts Integration Tests","",""
"Verifies that the bridge role has add_member_to_role:AddProposal and VoteApprove permissions for auto-approval.","4655","test_dao_init_bridge_has_add_member_permission","Near Citizens House","Thu Jan 08 20:17:48 UTC 2026","passed","Thu Jan 08 20:17:53 UTC 2026","DAO Integration Setup","Sputnik Bridge Integration Tests","",""
"","0","should return null when sigData is null","Near Citizens House","Thu Jan 08 19:51:02 UTC 2026","passed","Thu Jan 08 19:51:02 UTC 2026","NEP-413 Verification > buildProofData > Negative Tests","Shared Library Unit Tests","",""
"","0","should handle empty recipient string","Near Citizens House","Thu Jan 08 19:51:02 UTC 2026","passed","Thu Jan 08 19:51:02 UTC 2026","NEP-413 Verification > computeNep413Hash > Edge Cases","Shared Library Unit Tests","",""
"Verifies pagination and batch queries return correct data when contract has verified accounts.","24","test_read_functions_with_verified_accounts","Near Citizens House","Thu Jan 08 19:51:19 UTC 2026","passed","Thu Jan 08 19:51:19 UTC 2026","Read Functions","Verified Accounts Unit Tests","",""
"","97","should handle well-formed proof structure","Near Citizens House","Thu Jan 08 19:51:02 UTC 2026","passed","Thu Jan 08 19:51:02 UTC 2026","ZK Verification > verifyStoredProof > Happy Path (Network Connectivity)","Shared Library Unit Tests","",""
"","0","test_proposal_kind_unknown_variant_deserialization_fails","Near Citizens House","Thu Jan 08 19:51:21 UTC 2026","passed","Thu Jan 08 19:51:21 UTC 2026","Validation","Sputnik DAO Interface Tests","",""
"","0","test_all_action_variants_serialization","Near Citizens House","Thu Jan 08 19:51:21 UTC 2026","passed","Thu Jan 08 19:51:21 UTC 2026","Serialization","Sputnik DAO Interface Tests","",""
"Verifies that store_verification rejects ZK proof with 'b' component strings exceeding 80 character maximum length.","13","test_proof_component_b_too_long","Near Citizens House","Thu Jan 08 19:51:19 UTC 2026","passed","Thu Jan 08 19:51:19 UTC 2026","Proof Validation","Verified Accounts Unit Tests","",""
"","203","should use consistent RPC endpoint across calls","Near Citizens House","Thu Jan 08 19:51:04 UTC 2026","passed","Thu Jan 08 19:51:04 UTC 2026","ZK Verification > RPC Connection > Positive Tests","Shared Library Unit Tests","",""
"","0","should handle maximum allowed length (4096 chars)","Near Citizens House","Thu Jan 08 19:51:02 UTC 2026","passed","Thu Jan 08 19:51:02 UTC 2026","NEP-413 Verification > parseUserContextData > Boundary Tests","Shared Library Unit Tests","",""
"","0","rejects missing 0x prefix","Near Citizens House","Thu Jan 08 19:51:02 UTC 2026","passed","Thu Jan 08 19:51:02 UTC 2026","NEAR Account Validation > ethImplicitAccountSchema > invalid ETH-implicit accounts","Shared Library Unit Tests","",""
"
## Purpose
Verifies that VoteApprove from a single citizen results in Approved status.

## Expected
With only 1 citizen voting approve, proposal status becomes Approved.
","9188","test_citizen_vote_approve","Near Citizens House","Thu Jan 08 20:18:13 UTC 2026","passed","Thu Jan 08 20:18:22 UTC 2026","Citizen Voting","Sputnik Bridge Integration Tests","",""
"","0","test_verification_summary_json_roundtrip","Near Citizens House","Thu Jan 08 19:51:19 UTC 2026","passed","Thu Jan 08 19:51:19 UTC 2026","Serialization","Verified Accounts Interface Tests","",""
"
## Purpose
Verifies that voting on a nonexistent proposal ID fails gracefully.

## Input Validation
Proposal ID 999999 should not exist and vote should fail.
","8166","test_vote_on_nonexistent_proposal_fails","Near Citizens House","Thu Jan 08 20:18:24 UTC 2026","passed","Thu Jan 08 20:18:32 UTC 2026","Citizen Voting","Sputnik Bridge Integration Tests","",""
"Verifies that the get_info view function returns correct bridge configuration details.","4650","test_get_info","Near Citizens House","Thu Jan 08 20:17:53 UTC 2026","passed","Thu Jan 08 20:17:58 UTC 2026","Read Functions","Sputnik Bridge Integration Tests","",""
"Verifies that anyone can finalize expired proposals as per the 'all' role permissions in the DAO policy.","7740","test_anyone_can_finalize_proposal","Near Citizens House","Thu Jan 08 20:17:32 UTC 2026","passed","Thu Jan 08 20:17:40 UTC 2026","Access Control","Sputnik Bridge Integration Tests","",""
"Verifies ceil(143 * 7 / 100) = ceil(10.01) = 11.","0","test_quorum_with_143_citizens_equals_11","Near Citizens House","Thu Jan 08 19:51:21 UTC 2026","passed","Thu Jan 08 19:51:21 UTC 2026","Quorum Calculation","Sputnik Bridge Unit Tests","",""
"","0","test_zk_proof_json_invalid_a_array_length_fails","Near Citizens House","Thu Jan 08 19:51:19 UTC 2026","passed","Thu Jan 08 19:51:19 UTC 2026","Validation","Verified Accounts Interface Tests","",""
"","0","test_zk_proof_json_missing_b_field_fails","Near Citizens House","Thu Jan 08 19:51:19 UTC 2026","passed","Thu Jan 08 19:51:19 UTC 2026","Validation","Verified Accounts Interface Tests","",""
"Verifies that the backend wallet can update to itself (no-op but valid operation) and continue functioning normally.","5821","test_backend_wallet_self_update","Near Citizens House","Thu Jan 08 20:15:13 UTC 2026","passed","Thu Jan 08 20:15:18 UTC 2026","Backend Wallet Management","Sputnik Bridge Integration Tests","",""
"
## Purpose
Verifies that descriptions exceeding max length (10,000 chars) are rejected.

## Boundary Test
- Input: 10,001 characters (limit + 1)
- Expected: Fails with ""exceeds maximum"" error
","5154","test_create_proposal_too_long","Near Citizens House","Thu Jan 08 20:17:27 UTC 2026","passed","Thu Jan 08 20:17:32 UTC 2026","Proposal Validation","Sputnik Bridge Integration Tests","",""
"Verifies that recipient mismatch between near_account_id and signature_data.recipient is rejected.","4144","test_recipient_mismatch","Near Citizens House","Thu Jan 08 19:57:54 UTC 2026","passed","Thu Jan 08 19:57:58 UTC 2026","Input Validation","Verified Accounts Integration Tests","",""
"Verifies contract initializes correctly with all config values stored properly.","15","test_initialization","Near Citizens House","Thu Jan 08 19:51:21 UTC 2026","passed","Thu Jan 08 19:51:21 UTC 2026","Initialization","Sputnik Bridge Unit Tests","",""
"","1","should handle very long message","Near Citizens House","Thu Jan 08 19:51:02 UTC 2026","passed","Thu Jan 08 19:51:02 UTC 2026","NEP-413 Verification > computeNep413Hash > Edge Cases","Shared Library Unit Tests","",""
"
## Purpose
Verifies that a verified citizen can successfully vote on a proposal.

## Flow
1. User gets verified through verified-accounts
2. User is added as citizen through bridge
3. Backend creates a proposal
4. Citizen votes on the proposal

## Expected
Vote transaction succeeds.
","9173","test_citizen_can_vote_on_proposal","Near Citizens House","Thu Jan 08 20:18:12 UTC 2026","passed","Thu Jan 08 20:18:21 UTC 2026","Citizen Voting","Sputnik Bridge Integration Tests","",""
"Verifies that the bridge role has vote:AddProposal permission for creating Vote proposals.","4648","test_dao_init_bridge_has_vote_permission","Near Citizens House","Thu Jan 08 20:17:49 UTC 2026","passed","Thu Jan 08 20:17:53 UTC 2026","DAO Integration Setup","Sputnik Bridge Integration Tests","",""
"
## Purpose
Verifies that proposal IDs are sequential with no gaps.

## Test 13.3.3 - proposal_count_consistency

## Invariant
Proposal IDs increment by 1 for each proposal, starting from 0.
","14216","test_proposal_count_consistency","Near Citizens House","Thu Jan 08 20:18:01 UTC 2026","passed","Thu Jan 08 20:18:15 UTC 2026","State Consistency","Sputnik Bridge Integration Tests","",""
"","0","test_zk_proof_borsh_roundtrip","Near Citizens House","Thu Jan 08 19:51:19 UTC 2026","passed","Thu Jan 08 19:51:19 UTC 2026","Serialization","Verified Accounts Interface Tests","",""
"","75","should support Aadhaar attestation (ID=3)","Near Citizens House","Thu Jan 08 19:51:03 UTC 2026","passed","Thu Jan 08 19:51:03 UTC 2026","ZK Verification > verifyStoredProof > Positive Tests - Attestation Types","Shared Library Unit Tests","",""
"
## Purpose
Verifies that voting within the valid period succeeds (baseline for expiry test).

## Expected
Immediate vote after proposal creation should succeed.
","8666","test_vote_before_expiry_succeeds","Near Citizens House","Thu Jan 08 20:18:22 UTC 2026","passed","Thu Jan 08 20:18:31 UTC 2026","Proposal Lifecycle","Sputnik Bridge Integration Tests","",""
"","0","test_add_member_to_role_serialization","Near Citizens House","Thu Jan 08 19:51:21 UTC 2026","passed","Thu Jan 08 19:51:21 UTC 2026","Serialization","Sputnik DAO Interface Tests","",""
"","94","should handle concurrent verification requests","Near Citizens House","Thu Jan 08 19:51:04 UTC 2026","passed","Thu Jan 08 19:51:04 UTC 2026","ZK Verification > RPC Connection > Edge Cases","Shared Library Unit Tests","",""
"Upgrade test: Admin functions work correctly after upgrade.","5106","test_upgrade_admin_functions_work","Near Citizens House","Thu Jan 08 19:58:13 UTC 2026","passed","Thu Jan 08 19:58:18 UTC 2026","Versioning","Verified Accounts Integration Tests","",""
"
## Purpose
Verifies that a failed add_member leaves the DAO state unchanged.

## Test 13.4.2 - failed_add_member_leaves_dao_unchanged

## Invariant
If add_member fails, no proposal is created and user is not in DAO.
","5694","test_failed_add_member_leaves_dao_unchanged","Near Citizens House","Thu Jan 08 20:18:00 UTC 2026","passed","Thu Jan 08 20:18:05 UTC 2026","State Consistency","Sputnik Bridge Integration Tests","",""
"Verifies that store_verification rejects when signature recipient doesn't match near_account_id parameter.","14","test_recipient_mismatch","Near Citizens House","Thu Jan 08 19:51:19 UTC 2026","passed","Thu Jan 08 19:51:19 UTC 2026","Input Validation","Verified Accounts Unit Tests","",""
"","2","should handle keys from different keypairs","Near Citizens House","Thu Jan 08 19:51:02 UTC 2026","passed","Thu Jan 08 19:51:02 UTC 2026","NEP-413 Verification > extractEd25519PublicKeyHex > Positive Tests","Shared Library Unit Tests","",""
"Verifies callback handles promise failure during proposal creation with appropriate error.","13","test_callback_proposal_created_promise_failed","Near Citizens House","Thu Jan 08 19:51:21 UTC 2026","passed","Thu Jan 08 19:51:21 UTC 2026","Callbacks","Sputnik Bridge Unit Tests","",""
"","0","accepts numeric-only accounts","Near Citizens House","Thu Jan 08 19:51:02 UTC 2026","passed","Thu Jan 08 19:51:02 UTC 2026","NEAR Account Validation > nearNamedAccountSchema > valid named accounts","Shared Library Unit Tests","",""
"","0","should handle input exceeding typical maximum length","Near Citizens House","Thu Jan 08 19:51:02 UTC 2026","passed","Thu Jan 08 19:51:02 UTC 2026","NEP-413 Verification > parseUserContextData > Boundary Tests","Shared Library Unit Tests","",""
"Verifies that MemberAddedEvent serializes correctly to JSON.","0","test_member_added_event_serializes_correctly","Near Citizens House","Thu Jan 08 19:51:21 UTC 2026","passed","Thu Jan 08 19:51:21 UTC 2026","Events","Sputnik Bridge Unit Tests","",""
"
## Purpose
Verifies that whitespace-only descriptions are rejected as effectively empty.

## Input Validation
- Input: ""   \t\n   "" (whitespace only)
- Expected: Fails with ""cannot be empty"" (trimmed = empty)
","5179","test_create_proposal_whitespace_only_description","Near Citizens House","Thu Jan 08 20:17:32 UTC 2026","passed","Thu Jan 08 20:17:37 UTC 2026","Proposal Validation","Sputnik Bridge Integration Tests","",""
"","73","should handle exactly 21 public signals (passport max)","Near Citizens House","Thu Jan 08 19:51:03 UTC 2026","passed","Thu Jan 08 19:51:03 UTC 2026","ZK Verification > verifyStoredProof > Boundary Tests","Shared Library Unit Tests","",""
"","0","rejects separators at subaccount part boundaries","Near Citizens House","Thu Jan 08 19:51:02 UTC 2026","passed","Thu Jan 08 19:51:02 UTC 2026","NEAR Account Validation > nearNamedAccountSchema > invalid named accounts","Shared Library Unit Tests","",""
"","0","rejects wrong length","Near Citizens House","Thu Jan 08 19:51:02 UTC 2026","passed","Thu Jan 08 19:51:02 UTC 2026","NEAR Account Validation > ethImplicitAccountSchema > invalid ETH-implicit accounts","Shared Library Unit Tests","",""
"Verifies that duplicate nullifiers are rejected to prevent double-verification.","4101","test_duplicate_nullifier_rejected","Near Citizens House","Thu Jan 08 19:58:03 UTC 2026","passed","Thu Jan 08 19:58:07 UTC 2026","Signature Verification","Verified Accounts Integration Tests","",""
"
## Purpose
Verifies that the backend wallet can successfully create a Vote proposal through the bridge contract.

## Flow
1. Backend calls `create_proposal` on bridge contract
2. Bridge forwards proposal to SputnikDAO
3. Vote proposal is created in SputnikDAO

## Expected
Transaction succeeds without errors.
","5678","test_create_vote_proposal_success","Near Citizens House","Thu Jan 08 20:17:32 UTC 2026","passed","Thu Jan 08 20:17:38 UTC 2026","Proposal Creation","Sputnik Bridge Integration Tests","",""
"Verifies that bridge initialization succeeds even if the DAO contract doesn't exist. Cross-contract calls will fail later.","3648","test_init_with_nonexistent_dao","Near Citizens House","Thu Jan 08 20:17:56 UTC 2026","passed","Thu Jan 08 20:18:00 UTC 2026","Contract Setup","Sputnik Bridge Integration Tests","",""
"Verifies add_member schedules verified-accounts check with correct receiver, method, gas and zero deposit.","13","test_add_member_schedules_verification_call","Near Citizens House","Thu Jan 08 19:51:21 UTC 2026","passed","Thu Jan 08 19:51:21 UTC 2026","Write Functions","Sputnik Bridge Unit Tests","",""
"
## Purpose
Verifies that added member appears in the citizen role in SputnikDAO.

## Expected
is_account_in_role(""citizen"") returns true for added user.
","8170","test_member_appears_in_citizen_role","Near Citizens House","Thu Jan 08 20:17:19 UTC 2026","passed","Thu Jan 08 20:17:27 UTC 2026","Member Addition","Sputnik Bridge Integration Tests","",""
"Verifies ceil(1 * 7 / 100) = ceil(0.07) = 1.","0","test_quorum_with_1_citizen_equals_1","Near Citizens House","Thu Jan 08 19:51:21 UTC 2026","passed","Thu Jan 08 19:51:21 UTC 2026","Quorum Calculation","Sputnik Bridge Unit Tests","",""
"Verifies that store_verification rejects ZK proof with public_signals array exceeding maximum length of 21.","14","test_public_signals_too_many","Near Citizens House","Thu Jan 08 19:51:19 UTC 2026","passed","Thu Jan 08 19:51:19 UTC 2026","Proof Validation","Verified Accounts Unit Tests","",""
"Verifies that store_verification requires exactly 1 yoctoNEAR deposit. This prevents accidental calls and provides a small security measure.","3721","test_store_verification_requires_one_yocto","Near Citizens House","Thu Jan 08 19:57:46 UTC 2026","passed","Thu Jan 08 19:57:50 UTC 2026","Access Control","Verified Accounts Integration Tests","",""
"Verifies that pagination is capped at 100 items even when requesting more.","109881","test_pagination_limit_capped_at_100","Near Citizens House","Thu Jan 08 19:57:56 UTC 2026","passed","Thu Jan 08 19:59:46 UTC 2026","Pagination","Verified Accounts Integration Tests","",""
"","0","should reject long signature","Near Citizens House","Thu Jan 08 19:51:02 UTC 2026","passed","Thu Jan 08 19:51:02 UTC 2026","NEP-413 Verification > verifyNearSignature > Boundary Tests","Shared Library Unit Tests","",""
"","0","rejects empty string","Near Citizens House","Thu Jan 08 19:51:02 UTC 2026","passed","Thu Jan 08 19:51:02 UTC 2026","NEAR Account Validation > nearAccountIdSchema","Shared Library Unit Tests","",""
"","1","rejects accounts shorter than 2 chars","Near Citizens House","Thu Jan 08 19:51:02 UTC 2026","passed","Thu Jan 08 19:51:02 UTC 2026","NEAR Account Validation > nearNamedAccountSchema > invalid named accounts","Shared Library Unit Tests","",""
"
## Purpose
Verifies that single character descriptions are valid (minimum valid length).

## Boundary Test
- Input: ""x"" (1 character, limit - 0)
- Expected: Succeeds
","5172","test_create_proposal_single_char_description","Near Citizens House","Thu Jan 08 20:17:27 UTC 2026","passed","Thu Jan 08 20:17:32 UTC 2026","Proposal Validation","Sputnik Bridge Integration Tests","",""
"","0","test_action_serialization","Near Citizens House","Thu Jan 08 19:51:21 UTC 2026","passed","Thu Jan 08 19:51:21 UTC 2026","Serialization","Sputnik DAO Interface Tests","",""
"Verifies u64::MAX input causes overflow panic (u64::MAX * 7 overflows).","8","test_quorum_overflow_panics","Near Citizens House","Thu Jan 08 19:51:21 UTC 2026","passed","Thu Jan 08 19:51:21 UTC 2026","Quorum Overflow","Sputnik Bridge Unit Tests","",""
"","0","test_zk_proof_json_roundtrip","Near Citizens House","Thu Jan 08 19:51:19 UTC 2026","passed","Thu Jan 08 19:51:19 UTC 2026","Serialization","Verified Accounts Interface Tests","",""
"Verifies the critical 0-to-1 citizen transition, where quorum updates from 0 to 1 and the first citizen can approve proposals.","9172","test_zero_to_one_citizen_quorum_transition","Near Citizens House","Thu Jan 08 20:16:11 UTC 2026","passed","Thu Jan 08 20:16:20 UTC 2026","Dynamic Quorum","Sputnik Bridge Integration Tests","",""
"Upgrade test: V2-specific get_nationality_disclosed method works after upgrade. V1 records should have nationality_disclosed=false (default for migrated records).","4643","test_upgrade_v2_nationality_disclosed_field","Near Citizens House","Thu Jan 08 19:58:30 UTC 2026","passed","Thu Jan 08 19:58:34 UTC 2026","Versioning","Verified Accounts Integration Tests","",""
"Verifies that a non-council member cannot create proposals when they lack the AddProposal permission.","3110","test_dao_non_council_cannot_create_proposal","Near Citizens House","Thu Jan 08 20:15:20 UTC 2026","passed","Thu Jan 08 20:15:24 UTC 2026","DAO Sanity Tests","Sputnik Bridge Integration Tests","",""
"Verifies create_proposal schedules add_proposal call with correct target, gas, and trimmed description payload.","13","test_create_proposal_schedules_add_proposal","Near Citizens House","Thu Jan 08 19:51:21 UTC 2026","passed","Thu Jan 08 19:51:21 UTC 2026","Write Functions","Sputnik Bridge Unit Tests","",""
"","0","should produce deterministic hash for same inputs","Near Citizens House","Thu Jan 08 19:51:02 UTC 2026","passed","Thu Jan 08 19:51:02 UTC 2026","NEP-413 Verification > computeNep413Hash > Happy Path","Shared Library Unit Tests","",""
"Verifies that newly initialized contract starts with zero verified accounts.","13","test_invariant_verified_count_starts_at_zero","Near Citizens House","Thu Jan 08 19:51:19 UTC 2026","passed","Thu Jan 08 19:51:19 UTC 2026","Invariants","Verified Accounts Unit Tests","",""
"","0","test_weight_or_ratio_ratio_serialization","Near Citizens House","Thu Jan 08 19:51:21 UTC 2026","passed","Thu Jan 08 19:51:21 UTC 2026","Serialization","Sputnik DAO Interface Tests","",""
"Verifies that signatures shorter than 64 bytes are rejected.","14","test_invalid_signature_length","Near Citizens House","Thu Jan 08 19:51:19 UTC 2026","passed","Thu Jan 08 19:51:19 UTC 2026","Signature Verification","Verified Accounts Unit Tests","",""
"
## Purpose
Verifies that unverified users cannot be added as citizens.

## Sybil Resistance
Bridge checks verification status before creating proposal.
","5665","test_add_unverified_member_fails","Near Citizens House","Thu Jan 08 20:17:13 UTC 2026","passed","Thu Jan 08 20:17:19 UTC 2026","Member Addition","Sputnik Bridge Integration Tests","",""
"Verifies that QuorumUpdatedEvent serializes correctly to JSON.","0","test_quorum_updated_event_serializes_correctly","Near Citizens House","Thu Jan 08 19:51:21 UTC 2026","passed","Thu Jan 08 19:51:21 UTC 2026","Events","Sputnik Bridge Unit Tests","",""
"Verifies get_info returns correct contract configuration information.","14","test_get_info","Near Citizens House","Thu Jan 08 19:51:21 UTC 2026","passed","Thu Jan 08 19:51:21 UTC 2026","Read Functions","Sputnik Bridge Unit Tests","",""
"
## Purpose
Verifies that AddMemberToRole proposals have the correct member_id and role.

## Test 8.3.2 & 8.3.3 - add_member_proposal_has_correct_member_id/role

## Expected
- Proposal kind is AddMemberToRole
- member_id matches the user being added
- role is ""citizen""
","7696","test_add_member_proposal_has_correct_content","Near Citizens House","Thu Jan 08 20:17:07 UTC 2026","passed","Thu Jan 08 20:17:15 UTC 2026","Member Addition","Sputnik Bridge Integration Tests","",""
"Verifies callback successfully processes verified account and schedules add_proposal.","15","test_callback_add_member_verified","Near Citizens House","Thu Jan 08 19:51:21 UTC 2026","passed","Thu Jan 08 19:51:21 UTC 2026","Callbacks","Sputnik Bridge Unit Tests","",""
"KNOWN BEHAVIOR: Empty key body returns empty hex string. This documents current behavior - consider throwing an error instead since an empty key is invalid for cryptographic operations.","0","should handle key with only prefix (returns empty hex)","Near Citizens House","Thu Jan 08 19:51:02 UTC 2026","passed","Thu Jan 08 19:51:02 UTC 2026","NEP-413 Verification > extractEd25519PublicKeyHex > Edge Cases","Shared Library Unit Tests","",""
"","76","should handle minimum attestation ID (1)","Near Citizens House","Thu Jan 08 19:51:04 UTC 2026","passed","Thu Jan 08 19:51:04 UTC 2026","ZK Verification > verifyStoredProofWithDetails > Boundary Tests","Shared Library Unit Tests","",""
"
## Purpose
Verifies that adding a member with exactly the required bond (1 NEAR) succeeds.

## Test 11.1.2 - add_member_with_exact_bond_succeeds

## Expected
Transaction succeeds with exactly 1 NEAR deposit.
","7646","test_add_member_with_exact_bond_succeeds","Near Citizens House","Thu Jan 08 20:16:19 UTC 2026","passed","Thu Jan 08 20:16:27 UTC 2026","Edge Cases","Sputnik Bridge Integration Tests","",""
"Verifies that citizens cannot use VoteRemove action as they only have VoteApprove and VoteReject permissions.","9712","test_citizen_cannot_vote_remove","Near Citizens House","Thu Jan 08 20:17:42 UTC 2026","passed","Thu Jan 08 20:17:51 UTC 2026","Access Control","Sputnik Bridge Integration Tests","",""
"Tests boundary transition from 1 to 2 quorum (14→15 citizens).","0","test_quorum_boundary_1_to_2","Near Citizens House","Thu Jan 08 19:51:21 UTC 2026","passed","Thu Jan 08 19:51:21 UTC 2026","Quorum Boundaries","Sputnik Bridge Unit Tests","",""
"Verifies that special characters (-, _, .) in role name are accepted.","4166","test_init_with_special_chars_role","Near Citizens House","Thu Jan 08 20:17:57 UTC 2026","passed","Thu Jan 08 20:18:01 UTC 2026","Contract Setup","Sputnik Bridge Integration Tests","",""
"Verifies that proof validation accepts fewer than 21 public signals.","18","test_public_signals_under_max_allowed","Near Citizens House","Thu Jan 08 19:51:19 UTC 2026","passed","Thu Jan 08 19:51:19 UTC 2026","Proof Validation","Verified Accounts Unit Tests","",""
"Tests boundary transition from 6 to 7 quorum (85→86 citizens).","0","test_quorum_boundary_6_to_7","Near Citizens House","Thu Jan 08 19:51:21 UTC 2026","passed","Thu Jan 08 19:51:21 UTC 2026","Quorum Boundaries","Sputnik Bridge Unit Tests","",""
"","0","test_role_permission_borsh_roundtrip","Near Citizens House","Thu Jan 08 19:51:21 UTC 2026","passed","Thu Jan 08 19:51:21 UTC 2026","Serialization","Sputnik DAO Interface Tests","",""
"","1","accepts accounts with underscores and hyphens","Near Citizens House","Thu Jan 08 19:51:02 UTC 2026","passed","Thu Jan 08 19:51:02 UTC 2026","NEAR Account Validation > nearNamedAccountSchema > valid named accounts","Shared Library Unit Tests","",""
"Verifies that is_verified returns false for accounts that have not been verified.","3086","test_is_verified_returns_false_for_unverified","Near Citizens House","Thu Jan 08 19:57:58 UTC 2026","passed","Thu Jan 08 19:58:01 UTC 2026","Read Functions","Verified Accounts Integration Tests","",""
"Verifies that the backend wallet can update its address to a new wallet.","5284","test_update_backend_wallet","Near Citizens House","Thu Jan 08 20:15:13 UTC 2026","passed","Thu Jan 08 20:15:18 UTC 2026","Backend Wallet Management","Sputnik Bridge Integration Tests","",""
"","64","should complete within reasonable time (30s)","Near Citizens House","Thu Jan 08 19:51:04 UTC 2026","passed","Thu Jan 08 19:51:05 UTC 2026","ZK Verification > RPC Connection > Timeout Handling","Shared Library Unit Tests","",""
"Verifies that store_verification rejects nullifier strings exceeding 80 character maximum length.","13","test_nullifier_too_long","Near Citizens House","Thu Jan 08 19:51:19 UTC 2026","passed","Thu Jan 08 19:51:19 UTC 2026","Input Validation","Verified Accounts Unit Tests","",""
"Verifies ceil(14 * 7 / 100) = ceil(0.98) = 1.","0","test_quorum_with_14_citizens_equals_1","Near Citizens House","Thu Jan 08 19:51:21 UTC 2026","passed","Thu Jan 08 19:51:21 UTC 2026","Quorum Calculation","Sputnik Bridge Unit Tests","",""
"","0","rejects accounts ending with separator","Near Citizens House","Thu Jan 08 19:51:02 UTC 2026","passed","Thu Jan 08 19:51:02 UTC 2026","NEAR Account Validation > nearNamedAccountSchema > invalid named accounts","Shared Library Unit Tests","",""
"","0","rejects uppercase 0X prefix","Near Citizens House","Thu Jan 08 19:51:02 UTC 2026","passed","Thu Jan 08 19:51:02 UTC 2026","NEAR Account Validation > ethImplicitAccountSchema > invalid ETH-implicit accounts","Shared Library Unit Tests","",""
"
## Purpose
Verifies that proposals with insufficient deposit are rejected.

## SputnikDAO Integration
SputnikDAO requires minimum bond (1 NEAR by default). 0.1 NEAR should fail.
","5184","test_create_proposal_insufficient_deposit","Near Citizens House","Thu Jan 08 20:17:25 UTC 2026","passed","Thu Jan 08 20:17:30 UTC 2026","Proposal Creation","Sputnik Bridge Integration Tests","",""
"Tests exact 14% boundary at 200 citizens.","0","test_quorum_boundary_exact_14_percent","Near Citizens House","Thu Jan 08 19:51:21 UTC 2026","passed","Thu Jan 08 19:51:21 UTC 2026","Quorum Boundaries","Sputnik Bridge Unit Tests","",""
"","0","should return null for malformed JSON","Near Citizens House","Thu Jan 08 19:51:02 UTC 2026","passed","Thu Jan 08 19:51:02 UTC 2026","NEP-413 Verification > parseUserContextData > Negative Tests","Shared Library Unit Tests","",""
"","0","should handle minimum valid inputs","Near Citizens House","Thu Jan 08 19:51:02 UTC 2026","passed","Thu Jan 08 19:51:02 UTC 2026","NEP-413 Verification > buildProofData > Edge Cases","Shared Library Unit Tests","",""
"","75","should handle invalid attestation ID gracefully","Near Citizens House","Thu Jan 08 19:51:04 UTC 2026","passed","Thu Jan 08 19:51:04 UTC 2026","ZK Verification > verifyStoredProofWithDetails > Negative Tests","Shared Library Unit Tests","",""
"Tests serialization with realistic 21 public signals from passport proofs","0","test_verification_with_21_signals","Near Citizens House","Thu Jan 08 19:51:19 UTC 2026","passed","Thu Jan 08 19:51:19 UTC 2026","Serialization","Verified Accounts Interface Tests","",""
"
## Purpose
Verifies that proposals expire after the voting period ends.

## Time-Based Test
Uses fast_forward(100 blocks) to simulate passage of time.
Vote triggers status update → Expired.
","10190","test_proposal_expires_after_period","Near Citizens House","Thu Jan 08 20:18:20 UTC 2026","passed","Thu Jan 08 20:18:31 UTC 2026","Proposal Lifecycle","Sputnik Bridge Integration Tests","",""
"","0","should preserve array nonce format","Near Citizens House","Thu Jan 08 19:51:02 UTC 2026","passed","Thu Jan 08 19:51:02 UTC 2026","NEP-413 Verification > parseUserContextData > Positive Tests","Shared Library Unit Tests","",""
"Verifies max safe value (u64::MAX / 7) calculates without overflow.","0","test_quorum_near_overflow_boundary","Near Citizens House","Thu Jan 08 19:51:21 UTC 2026","passed","Thu Jan 08 19:51:21 UTC 2026","Quorum Overflow","Sputnik Bridge Unit Tests","",""
"
## Purpose
Verifies that creating a proposal returns an incrementing ID and the proposal is of type Vote.

## Expected
- Proposal ID increments after creation
- Proposal type is ""Vote""
","5694","test_create_proposal_returns_id","Near Citizens House","Thu Jan 08 20:17:27 UTC 2026","passed","Thu Jan 08 20:17:32 UTC 2026","Proposal Creation","Sputnik Bridge Integration Tests","",""
"Verifies that changing the recipient after signing invalidates the signature.","14","test_signature_wrong_recipient_rejected","Near Citizens House","Thu Jan 08 19:51:19 UTC 2026","passed","Thu Jan 08 19:51:19 UTC 2026","Signature Verification","Verified Accounts Unit Tests","",""
"Verifies callback rejects unverified account with appropriate error message.","37","test_callback_add_member_not_verified","Near Citizens House","Thu Jan 08 19:51:21 UTC 2026","passed","Thu Jan 08 19:51:21 UTC 2026","Callbacks","Sputnik Bridge Unit Tests","",""
"","76","should resolve verifier contract for attestation ID 1","Near Citizens House","Thu Jan 08 19:51:05 UTC 2026","passed","Thu Jan 08 19:51:05 UTC 2026","ZK Verification > Verifier Contract Resolution > Happy Path","Shared Library Unit Tests","",""
"","0","rejects whitespace","Near Citizens House","Thu Jan 08 19:51:02 UTC 2026","passed","Thu Jan 08 19:51:02 UTC 2026","NEAR Account Validation > nearAccountIdSchema","Shared Library Unit Tests","",""
"","2","should handle 64-byte signature (Ed25519 standard)","Near Citizens House","Thu Jan 08 19:51:02 UTC 2026","passed","Thu Jan 08 19:51:02 UTC 2026","NEP-413 Verification > verifyNearSignature > Boundary Tests","Shared Library Unit Tests","",""
"","0","should return null for empty accountId","Near Citizens House","Thu Jan 08 19:51:02 UTC 2026","passed","Thu Jan 08 19:51:02 UTC 2026","NEP-413 Verification > parseUserContextData > Negative Tests","Shared Library Unit Tests","",""
"Verifies that store_verification rejects ZK proof with 'a' component strings exceeding 80 character maximum length.","14","test_proof_component_a_too_long","Near Citizens House","Thu Jan 08 19:51:19 UTC 2026","passed","Thu Jan 08 19:51:19 UTC 2026","Proof Validation","Verified Accounts Unit Tests","",""
"Verifies 100 * 7 / 100 = 7.0 exactly (no ceiling needed).","0","test_quorum_with_100_citizens_equals_7","Near Citizens House","Thu Jan 08 19:51:21 UTC 2026","passed","Thu Jan 08 19:51:21 UTC 2026","Quorum Calculation","Sputnik Bridge Unit Tests","",""
"Verifies that sequential voting correctly auto-approves when threshold is reached and rejects late votes on approved proposals.","23812","test_sequential_voting_reaches_threshold","Near Citizens House","Thu Jan 08 20:16:32 UTC 2026","passed","Thu Jan 08 20:16:56 UTC 2026","Edge Cases","Sputnik Bridge Integration Tests","",""
"","204","should handle different attestation IDs consistently","Near Citizens House","Thu Jan 08 19:51:04 UTC 2026","passed","Thu Jan 08 19:51:04 UTC 2026","ZK Verification > verifyStoredProofWithDetails > Edge Cases","Shared Library Unit Tests","",""
"","3","should verify valid signature from correct signer","Near Citizens House","Thu Jan 08 19:51:02 UTC 2026","passed","Thu Jan 08 19:51:02 UTC 2026","NEP-413 Verification > verifyNearSignature > Happy Path","Shared Library Unit Tests","",""
"Verifies that quorum calculation handles large citizen counts (100+) correctly without overflow using saturating arithmetic.","350450","test_quorum_calculation_with_many_citizens","Near Citizens House","Thu Jan 08 20:15:24 UTC 2026","passed","Thu Jan 08 20:21:15 UTC 2026","Dynamic Quorum","Sputnik Bridge Integration Tests","",""
"Upgrade test: Batch queries work correctly after upgrade.","5620","test_upgrade_batch_queries_work","Near Citizens House","Thu Jan 08 19:58:15 UTC 2026","passed","Thu Jan 08 19:58:21 UTC 2026","Versioning","Verified Accounts Integration Tests","",""
"","2","should reject signature from wrong signer","Near Citizens House","Thu Jan 08 19:51:02 UTC 2026","passed","Thu Jan 08 19:51:02 UTC 2026","NEP-413 Verification > verifyNearSignature > Negative Tests","Shared Library Unit Tests","",""
"Verifies that creating a proposal with a whitespace-only description fails.","13","test_create_proposal_whitespace_only_description_fails","Near Citizens House","Thu Jan 08 19:51:21 UTC 2026","passed","Thu Jan 08 19:51:21 UTC 2026","Description Validation","Sputnik Bridge Unit Tests","",""
"Verifies that a proposal remains InProgress when not enough votes are cast to reach the effective threshold.","40455","test_vote_proposal_quorum_fails","Near Citizens House","Thu Jan 08 20:15:27 UTC 2026","passed","Thu Jan 08 20:16:07 UTC 2026","Dynamic Quorum","Sputnik Bridge Integration Tests","",""
"Verifies update_backend_wallet enforces exactly 1 yoctoNEAR deposit (rejects missing or excess deposit).","6210","test_update_backend_wallet_requires_exact_yocto","Near Citizens House","Thu Jan 08 20:15:18 UTC 2026","passed","Thu Jan 08 20:15:24 UTC 2026","Backend Wallet Management","Sputnik Bridge Integration Tests","",""
"","0","should handle empty message","Near Citizens House","Thu Jan 08 19:51:02 UTC 2026","passed","Thu Jan 08 19:51:02 UTC 2026","NEP-413 Verification > computeNep413Hash > Edge Cases","Shared Library Unit Tests","",""
"
## Purpose
Verifies that adding a member with more than the required bond (2 NEAR) fails.
SputnikDAO v2 requires EXACTLY the bond amount, not ""at least"".

## Test 11.1.3 - add_member_with_excess_deposit

## Expected
Transaction fails - SputnikDAO requires exact bond amount.
","6140","test_add_member_with_excess_deposit_fails","Near Citizens House","Thu Jan 08 20:16:20 UTC 2026","passed","Thu Jan 08 20:16:26 UTC 2026","Edge Cases","Sputnik Bridge Integration Tests","",""
"","0","should produce consistent output for same input","Near Citizens House","Thu Jan 08 19:51:02 UTC 2026","passed","Thu Jan 08 19:51:02 UTC 2026","NEP-413 Verification > extractEd25519PublicKeyHex > Happy Path","Shared Library Unit Tests","",""
"Verifies that dynamic quorum is calculated correctly as ceil(7% * citizen_count) when adding multiple citizens.","55102","test_dynamic_quorum_and_threshold_calculation","Near Citizens House","Thu Jan 08 20:15:24 UTC 2026","passed","Thu Jan 08 20:16:19 UTC 2026","Dynamic Quorum","Sputnik Bridge Integration Tests","",""
"Verifies that proof components exactly at the 80 character limit are accepted.","19","test_proof_components_at_max_length_allowed","Near Citizens House","Thu Jan 08 19:51:19 UTC 2026","passed","Thu Jan 08 19:51:19 UTC 2026","Proof Validation","Verified Accounts Unit Tests","",""
"","1","accepts all valid examples from NEAR spec","Near Citizens House","Thu Jan 08 19:51:02 UTC 2026","passed","Thu Jan 08 19:51:02 UTC 2026","NEAR Account Validation > nearNamedAccountSchema > valid named accounts","Shared Library Unit Tests","",""
"Verifies that the function can connect to Celo RPC endpoints. An invalid proof should return false (not throw).","223","should connect to Celo RPC and attempt verification","Near Citizens House","Thu Jan 08 19:51:02 UTC 2026","passed","Thu Jan 08 19:51:02 UTC 2026","ZK Verification > verifyStoredProof > Happy Path (Network Connectivity)","Shared Library Unit Tests","",""
"Verifies that invalid NEAR signatures are rejected during NEP-413 verification.","18","test_invalid_signature","Near Citizens House","Thu Jan 08 19:51:19 UTC 2026","passed","Thu Jan 08 19:51:19 UTC 2026","Signature Verification","Verified Accounts Unit Tests","",""
"Test 2.7.2: Verifies that read operations (is_verified, get_verified_count, list_verifications) still work when the contract is paused.","3609","test_pause_allows_read_operations","Near Citizens House","Thu Jan 08 19:57:57 UTC 2026","passed","Thu Jan 08 19:58:01 UTC 2026","Pause/Unpause","Verified Accounts Integration Tests","",""
"Verifies that a proposal remains InProgress when participation meets quorum but YES votes don't reach the threshold.","79752","test_vote_proposal_quorum_passes_threshold_fails","Near Citizens House","Thu Jan 08 20:16:07 UTC 2026","passed","Thu Jan 08 20:17:27 UTC 2026","Dynamic Quorum","Sputnik Bridge Integration Tests","",""
"Verifies that a proposal is approved when YES votes reach the effective threshold (max of quorum and 50%).","42501","test_vote_proposal_quorum_and_threshold_pass","Near Citizens House","Thu Jan 08 20:15:25 UTC 2026","passed","Thu Jan 08 20:16:08 UTC 2026","Dynamic Quorum","Sputnik Bridge Integration Tests","",""
"Verifies callback handles promise failure when approving quorum update with appropriate error.","14","test_callback_quorum_updated_promise_failed","Near Citizens House","Thu Jan 08 19:51:21 UTC 2026","passed","Thu Jan 08 19:51:21 UTC 2026","Callbacks","Sputnik Bridge Unit Tests","",""
"Verifies that a council member can create a Vote proposal and approve it through the DAO.","3614","test_dao_proposal_lifecycle_without_bridge","Near Citizens House","Thu Jan 08 20:15:21 UTC 2026","passed","Thu Jan 08 20:15:25 UTC 2026","DAO Sanity Tests","Sputnik Bridge Integration Tests","",""
"","2","accepts minimum length (2 chars)","Near Citizens House","Thu Jan 08 19:51:02 UTC 2026","passed","Thu Jan 08 19:51:02 UTC 2026","NEAR Account Validation > nearNamedAccountSchema > valid named accounts","Shared Library Unit Tests","",""
"Upgrade test: Pagination works correctly after upgrade.","8655","test_upgrade_pagination_works","Near Citizens House","Thu Jan 08 19:58:21 UTC 2026","passed","Thu Jan 08 19:58:30 UTC 2026","Versioning","Verified Accounts Integration Tests","",""
"","0","identifies named accounts","Near Citizens House","Thu Jan 08 19:51:02 UTC 2026","passed","Thu Jan 08 19:51:02 UTC 2026","NEAR Account Validation > getNearAccountType","Shared Library Unit Tests","",""
"","85","should return correct public signals count","Near Citizens House","Thu Jan 08 19:51:03 UTC 2026","passed","Thu Jan 08 19:51:03 UTC 2026","ZK Verification > verifyStoredProofWithDetails > Positive Tests","Shared Library Unit Tests","",""
"Verifies that unauthorized users cannot update the backend wallet address. Security-critical test.","5681","test_update_backend_wallet_unauthorized","Near Citizens House","Thu Jan 08 20:17:43 UTC 2026","passed","Thu Jan 08 20:17:49 UTC 2026","Access Control","Sputnik Bridge Integration Tests","",""
"Verifies that only the current backend wallet can update the backend wallet and unauthorized accounts are rejected.","36","test_unauthorized_update_backend_wallet","Near Citizens House","Thu Jan 08 19:51:19 UTC 2026","passed","Thu Jan 08 19:51:19 UTC 2026","Backend Wallet Management","Verified Accounts Unit Tests","",""
"Verifies that a single-character attestation_id is accepted.","19","test_attestation_id_single_char_allowed","Near Citizens House","Thu Jan 08 19:51:19 UTC 2026","passed","Thu Jan 08 19:51:19 UTC 2026","Input Validation","Verified Accounts Unit Tests","",""
"Verifies that all-0xFF nonce (max byte values) is accepted.","3110","test_nonce_all_max_bytes","Near Citizens House","Thu Jan 08 19:57:49 UTC 2026","passed","Thu Jan 08 19:57:52 UTC 2026","Edge Cases","Verified Accounts Integration Tests","",""
"Verifies that a description with exactly 10,000 characters (at limit) passes validation.","14","test_description_boundary_at_limit_passes","Near Citizens House","Thu Jan 08 19:51:21 UTC 2026","passed","Thu Jan 08 19:51:21 UTC 2026","Description Validation","Sputnik Bridge Unit Tests","",""
"","0","should handle nonce with mixed byte values","Near Citizens House","Thu Jan 08 19:51:02 UTC 2026","passed","Thu Jan 08 19:51:02 UTC 2026","NEP-413 Verification > computeNep413Hash > Boundary Tests","Shared Library Unit Tests","",""
"","0","rejects accounts starting with separator","Near Citizens House","Thu Jan 08 19:51:02 UTC 2026","passed","Thu Jan 08 19:51:02 UTC 2026","NEAR Account Validation > nearNamedAccountSchema > invalid named accounts","Shared Library Unit Tests","",""
"Verifies that store_verification rejects when signature account_id doesn't match near_account_id parameter.","13","test_account_id_mismatch","Near Citizens House","Thu Jan 08 19:51:19 UTC 2026","passed","Thu Jan 08 19:51:19 UTC 2026","Input Validation","Verified Accounts Unit Tests","",""
"Migrate function test: migrate() should fail if called by non-contract account. The #[private] attribute ensures only the contract account can call migrate().","4112","test_migrate_fails_when_called_by_non_contract_account","Near Citizens House","Thu Jan 08 19:58:09 UTC 2026","passed","Thu Jan 08 19:58:13 UTC 2026","Versioning","Verified Accounts Integration Tests","",""
"Verifies that a single-character description passes validation.","13","test_description_boundary_single_char_passes","Near Citizens House","Thu Jan 08 19:51:21 UTC 2026","passed","Thu Jan 08 19:51:21 UTC 2026","Description Validation","Sputnik Bridge Unit Tests","",""
"
## Purpose
Verifies that multiple users can be added as citizens sequentially.

## Expected
All 3 users end up in the citizen role.
","14756","test_add_multiple_members","Near Citizens House","Thu Jan 08 20:17:10 UTC 2026","passed","Thu Jan 08 20:17:25 UTC 2026","Member Addition","Sputnik Bridge Integration Tests","",""
"Verifies callback handles promise failure when creating vote proposal with appropriate error.","14","test_callback_vote_proposal_created_promise_failed","Near Citizens House","Thu Jan 08 19:51:21 UTC 2026","passed","Thu Jan 08 19:51:21 UTC 2026","Callbacks","Sputnik Bridge Unit Tests","",""
"Verifies that batch get_verifications returns None for all non-existent accounts.","14","test_get_verifications_empty","Near Citizens House","Thu Jan 08 19:51:19 UTC 2026","passed","Thu Jan 08 19:51:19 UTC 2026","Composability Interface","Verified Accounts Unit Tests","",""
"Verifies that multiple consecutive failures don't corrupt state and successful operations continue to work correctly.","11218","test_multiple_failures_dont_corrupt_state","Near Citizens House","Thu Jan 08 20:16:56 UTC 2026","passed","Thu Jan 08 20:17:07 UTC 2026","Failure Handling","Sputnik Bridge Integration Tests","",""
"Verifies that batch verification handles empty input array correctly.","14","test_are_verified_empty_input","Near Citizens House","Thu Jan 08 19:51:19 UTC 2026","passed","Thu Jan 08 19:51:19 UTC 2026","Composability Interface","Verified Accounts Unit Tests","",""
"Verifies that verified_at matches the block timestamp when the verification was stored.","19","test_verification_timestamp_matches_block_time","Near Citizens House","Thu Jan 08 19:51:19 UTC 2026","passed","Thu Jan 08 19:51:19 UTC 2026","Store Verification","Verified Accounts Unit Tests","",""
"","0","should throw for short nonce (31 bytes)","Near Citizens House","Thu Jan 08 19:51:02 UTC 2026","passed","Thu Jan 08 19:51:02 UTC 2026","NEP-413 Verification > computeNep413Hash > Boundary Tests","Shared Library Unit Tests","",""
"Verifies that pause requires exactly 1 yoctoNEAR deposit.","3086","test_pause_requires_one_yocto","Near Citizens House","Thu Jan 08 19:57:57 UTC 2026","passed","Thu Jan 08 19:58:00 UTC 2026","Pause/Unpause","Verified Accounts Integration Tests","",""
"","78","should support Passport attestation (ID=1)","Near Citizens House","Thu Jan 08 19:51:02 UTC 2026","passed","Thu Jan 08 19:51:02 UTC 2026","ZK Verification > verifyStoredProof > Positive Tests - Attestation Types","Shared Library Unit Tests","",""
"Migrate function test: Explicitly call migrate() after upgrading to V2. This tests the #[init(ignore_state)] + #[private] migration pattern. The migrate() function should read the existing V1 state and return it (no transformation in current version).","5124","test_migrate_function_explicit_call","Near Citizens House","Thu Jan 08 19:58:10 UTC 2026","passed","Thu Jan 08 19:58:15 UTC 2026","Versioning","Verified Accounts Integration Tests","",""
"Verifies that account ID mismatch between near_account_id and signature_data.account_id is rejected.","4084","test_account_id_mismatch","Near Citizens House","Thu Jan 08 19:57:53 UTC 2026","passed","Thu Jan 08 19:57:57 UTC 2026","Input Validation","Verified Accounts Integration Tests","",""
"Verifies that when the verification contract promise fails, the entire flow is aborted with no events or state changes.","5192","test_verification_promise_failure_no_event","Near Citizens House","Thu Jan 08 20:16:57 UTC 2026","passed","Thu Jan 08 20:17:03 UTC 2026","Failure Handling","Sputnik Bridge Integration Tests","",""
"Verifies that get_verifications rejects batch queries exceeding maximum size of 100 accounts.","13","test_batch_size_exceeded_get_verifications","Near Citizens House","Thu Jan 08 19:51:19 UTC 2026","passed","Thu Jan 08 19:51:19 UTC 2026","Input Validation","Verified Accounts Unit Tests","",""
"Verifies that the 'all' (Everyone) role has *:Finalize permission so anyone can finalize expired proposals.","4640","test_dao_init_all_role_can_finalize","Near Citizens House","Thu Jan 08 20:17:47 UTC 2026","passed","Thu Jan 08 20:17:52 UTC 2026","DAO Integration Setup","Sputnik Bridge Integration Tests","",""
"Verifies that store_verification rejects user_context_data strings exceeding 4096 character maximum length.","14","test_user_context_data_too_long","Near Citizens House","Thu Jan 08 19:51:19 UTC 2026","passed","Thu Jan 08 19:51:19 UTC 2026","Input Validation","Verified Accounts Unit Tests","",""
"Verifies callback extracts proposal kind and schedules act_proposal for quorum update.","17","test_callback_got_quorum_proposal","Near Citizens House","Thu Jan 08 19:51:21 UTC 2026","passed","Thu Jan 08 19:51:21 UTC 2026","Callbacks","Sputnik Bridge Unit Tests","",""
"
## Purpose
Verifies that storing a verification in the verified-accounts contract requires exactly
1 yoctoNEAR deposit. This is a security measure to prevent accidental calls.

## Test - store_verification_requires_one_yocto_in_verified_accounts

## Expected
Calling store_verification without 1 yoctoNEAR deposit fails with appropriate error.
","5633","test_store_verification_requires_one_yocto_in_verified_accounts","Near Citizens House","Thu Jan 08 20:16:35 UTC 2026","passed","Thu Jan 08 20:16:40 UTC 2026","Edge Cases","Sputnik Bridge Integration Tests","",""
"","1","should reject signature for wrong nonce","Near Citizens House","Thu Jan 08 19:51:02 UTC 2026","passed","Thu Jan 08 19:51:02 UTC 2026","NEP-413 Verification > verifyNearSignature > Negative Tests","Shared Library Unit Tests","",""
"
## Purpose
Verifies that VoteReject from a single citizen results in Rejected status.

## Expected
With only 1 citizen voting reject, proposal status becomes Rejected.
","8702","test_citizen_vote_reject","Near Citizens House","Thu Jan 08 20:18:15 UTC 2026","passed","Thu Jan 08 20:18:24 UTC 2026","Citizen Voting","Sputnik Bridge Integration Tests","",""
"","89","should support BiometricID attestation (ID=2)","Near Citizens House","Thu Jan 08 19:51:02 UTC 2026","passed","Thu Jan 08 19:51:03 UTC 2026","ZK Verification > verifyStoredProof > Positive Tests - Attestation Types","Shared Library Unit Tests","",""
"Verifies that changing the challenge after signing invalidates the signature.","18","test_signature_wrong_challenge_rejected","Near Citizens House","Thu Jan 08 19:51:19 UTC 2026","passed","Thu Jan 08 19:51:19 UTC 2026","Signature Verification","Verified Accounts Unit Tests","",""
"Verifies ceil(101 * 7 / 100) = ceil(7.07) = 8.","0","test_quorum_with_101_citizens_equals_8","Near Citizens House","Thu Jan 08 19:51:21 UTC 2026","passed","Thu Jan 08 19:51:21 UTC 2026","Quorum Calculation","Sputnik Bridge Unit Tests","",""
"Verifies that all contracts are deployed and the bridge is initialized with correct configuration.","4167","test_full_setup","Near Citizens House","Thu Jan 08 20:17:53 UTC 2026","passed","Thu Jan 08 20:17:57 UTC 2026","Contract Setup","Sputnik Bridge Integration Tests","",""
"Verifies that is_paused() correctly reflects the actual contract state after pause and unpause operations.","27","test_invariant_paused_state_consistent","Near Citizens House","Thu Jan 08 19:51:19 UTC 2026","passed","Thu Jan 08 19:51:19 UTC 2026","Invariants","Verified Accounts Unit Tests","",""
"Verifies that empty citizen_role is rejected during initialization.","14","test_initialization_empty_citizen_role_fails","Near Citizens House","Thu Jan 08 19:51:21 UTC 2026","passed","Thu Jan 08 19:51:21 UTC 2026","Initialization","Sputnik Bridge Unit Tests","",""
"Verifies MAX_DESCRIPTION_LEN constant is positive.","0","test_invariant_max_description_length_positive","Near Citizens House","Thu Jan 08 19:51:21 UTC 2026","passed","Thu Jan 08 19:51:21 UTC 2026","Invariants","Sputnik Bridge Unit Tests","",""
"","1","should handle empty challenge message","Near Citizens House","Thu Jan 08 19:51:02 UTC 2026","passed","Thu Jan 08 19:51:02 UTC 2026","NEP-413 Verification > verifyNearSignature > Edge Cases","Shared Library Unit Tests","",""
"Verifies callback handles promise failure during verification check with appropriate error.","24","test_callback_add_member_promise_failed","Near Citizens House","Thu Jan 08 19:51:21 UTC 2026","passed","Thu Jan 08 19:51:21 UTC 2026","Callbacks","Sputnik Bridge Unit Tests","",""
"","0","should handle non-numeric proof values","Near Citizens House","Thu Jan 08 19:51:04 UTC 2026","passed","Thu Jan 08 19:51:04 UTC 2026","ZK Verification > verifyStoredProofWithDetails > Negative Tests","Shared Library Unit Tests","",""
"Verifies that the bridge contract cannot be initialized twice.","4679","test_init_cannot_reinitialize","Near Citizens House","Thu Jan 08 20:17:53 UTC 2026","passed","Thu Jan 08 20:17:58 UTC 2026","Contract Setup","Sputnik Bridge Integration Tests","",""
"Alias test to align documentation naming; asserts backend wallet update succeeds and persists.","14","test_update","Near Citizens House","Thu Jan 08 19:51:19 UTC 2026","passed","Thu Jan 08 19:51:19 UTC 2026","Backend Wallet Management","Verified Accounts Unit Tests","",""
"Verifies that get_full_verification returns the correct verification data.","3131","test_get_full_verification_returns_data","Near Citizens House","Thu Jan 08 19:58:06 UTC 2026","passed","Thu Jan 08 19:58:09 UTC 2026","Signature Verification","Verified Accounts Integration Tests","",""
"Test 1.1.5: Verifies that the contract can be initialized with a subaccount as backend wallet.","3600","test_init_with_subaccount_backend","Near Citizens House","Thu Jan 08 19:57:52 UTC 2026","passed","Thu Jan 08 19:57:56 UTC 2026","Initialization","Verified Accounts Integration Tests","",""
"Upgrade test: Contract state fields (backend_wallet, paused) persist across upgrade.","3608","test_upgrade_preserves_contract_state","Near Citizens House","Thu Jan 08 19:58:23 UTC 2026","passed","Thu Jan 08 19:58:27 UTC 2026","Versioning","Verified Accounts Integration Tests","",""
"Verifies that the contract initializes correctly with proper backend wallet, zero count, and unpaused state.","2608","test_contract_initialization","Near Citizens House","Thu Jan 08 19:57:51 UTC 2026","passed","Thu Jan 08 19:57:53 UTC 2026","Initialization","Verified Accounts Integration Tests","",""
"Verifies that nonces with invalid length (not 32 bytes) are rejected.","4082","test_invalid_nonce_length","Near Citizens House","Thu Jan 08 19:57:53 UTC 2026","passed","Thu Jan 08 19:57:57 UTC 2026","Input Validation","Verified Accounts Integration Tests","",""
"Verifies that quorum is monotonically increasing as citizen count grows.","0","test_invariant_quorum_monotonic_increasing","Near Citizens House","Thu Jan 08 19:51:21 UTC 2026","passed","Thu Jan 08 19:51:21 UTC 2026","Invariants","Sputnik Bridge Unit Tests","",""
"","0","rejects uppercase hex","Near Citizens House","Thu Jan 08 19:51:02 UTC 2026","passed","Thu Jan 08 19:51:02 UTC 2026","NEAR Account Validation > nearImplicitAccountSchema > invalid implicit accounts","Shared Library Unit Tests","",""
"
## Purpose
Verifies that only the backend wallet can create proposals - unauthorized accounts are rejected.

## Security
This is a critical access control test ensuring the bridge cannot be abused.

## Expected
Transaction fails with ""Only backend wallet"" error.
","5716","test_create_proposal_unauthorized","Near Citizens House","Thu Jan 08 20:17:30 UTC 2026","passed","Thu Jan 08 20:17:36 UTC 2026","Proposal Creation","Sputnik Bridge Integration Tests","",""
"Verifies that a council member can vote to reject a proposal.","3106","test_dao_proposal_rejection","Near Citizens House","Thu Jan 08 20:15:24 UTC 2026","passed","Thu Jan 08 20:15:27 UTC 2026","DAO Sanity Tests","Sputnik Bridge Integration Tests","",""
"Verifies that store_verification rejects attestation_id strings exceeding 1 character maximum length.","13","test_attestation_id_too_long","Near Citizens House","Thu Jan 08 19:51:19 UTC 2026","passed","Thu Jan 08 19:51:19 UTC 2026","Input Validation","Verified Accounts Unit Tests","",""
"","0","test_role_kind_group_serialization","Near Citizens House","Thu Jan 08 19:51:21 UTC 2026","passed","Thu Jan 08 19:51:21 UTC 2026","Serialization","Sputnik DAO Interface Tests","",""
"Verifies that list_verifications returns an empty list when no accounts have been verified.","2078","test_list_verifications_empty","Near Citizens House","Thu Jan 08 19:58:00 UTC 2026","passed","Thu Jan 08 19:58:02 UTC 2026","Read Functions","Verified Accounts Integration Tests","",""
"","3","should verify signature with different valid nonces","Near Citizens House","Thu Jan 08 19:51:02 UTC 2026","passed","Thu Jan 08 19:51:02 UTC 2026","NEP-413 Verification > verifyNearSignature > Positive Tests","Shared Library Unit Tests","",""
"Critical upgrade test: Deploy V1, store data, upgrade to V2, verify data persists. This tests the core contract state versioning mechanism.","5149","test_upgrade_v1_to_v2_preserves_verifications","Near Citizens House","Thu Jan 08 19:58:26 UTC 2026","passed","Thu Jan 08 19:58:31 UTC 2026","Versioning","Verified Accounts Integration Tests","",""
"Verifies that citizens cannot bypass the bridge and add proposals directly to the DAO. Security-critical test.","8193","test_citizen_cannot_add_proposal_to_dao_directly","Near Citizens House","Thu Jan 08 20:17:40 UTC 2026","passed","Thu Jan 08 20:17:48 UTC 2026","Access Control","Sputnik Bridge Integration Tests","",""
"","0","should include NEP-413 verification data","Near Citizens House","Thu Jan 08 19:51:02 UTC 2026","passed","Thu Jan 08 19:51:02 UTC 2026","NEP-413 Verification > buildProofData > Happy Path","Shared Library Unit Tests","",""
